100
9 13 53
5 85 12
9 79 18
1 55 0
7 90 94
10 56 49
10 56 55
9 67 2
4 80 82
3 0 0
1 18 3
10 65 67
9 50 0
3 58 26
9 0 100
10 16 6
1 50 49
9 43 66
1 15 99
10 38 6
7 82 18
2 50 17
6 85 65
8 71 72
1 50 56
1 95 58
2 75 50
9 39 21
7 45 51
10 91 46
2 50 7
8 62 20
10 92 16
1 25 74
10 68 23
10 18 60
10 85 17
6 70 86
6 75 56
10 90 92
10 71 0
2 50 28
6 60 56
9 71 19
10 70 41
9 84 37
2 20 82
1 50 15
1 99 89
9 19 28
1 100 0
6 20 95
8 14 5
4 61 43
8 60 78
6 45 47
10 34 79
6 20 88
9 9 62
6 97 83
10 74 46
1 88 76
2 22 50
9 27 95
10 51 81
3 25 96
1 80 100
3 3 35
6 55 66
2 50 33
10 78 59
2 100 100
9 53 53
10 90 28
8 91 77
6 25 44
5 66 85
7 75 8
1 50 27
3 75 32
8 90 69
5 18 84
1 62 91
10 38 84
4 75 53
10 79 76
8 46 89
2 61 53
6 50 100
6 30 4
8 43 97
4 11 79
6 34 65
5 29 1
3 40 32
10 53 80
10 94 12
4 96 78
9 65 8
10 95 51
