100
1
1 10 10
0
1
1 10 10
1
1 10 10
1
1 10 10
2
1 10 10
1 10 10
1
2 2 16
72
1 22 0
2 12 0
1 22 0
1 22 0
1 22 0
1 22 0
1 22 0
1 22 0
1 22 0
1 22 0
1 22 0
1 22 0
1 22 0
1 22 0
1 22 0
1 22 0
2 50 16
2 11 0
1 16 0
1 16 0
1 16 0
1 16 0
1 16 0
1 16 0
1 16 0
1 16 0
1 16 0
1 16 0
1 16 0
1 16 0
1 16 0
1 16 0
1 16 0
2 8 16
2 18 0
1 28 0
1 28 0
1 28 0
1 28 0
1 28 0
1 28 0
1 28 0
1 28 0
1 28 0
1 28 0
1 28 0
1 28 0
1 28 0
1 28 0
1 28 0
2 17 16
2 23 0
1 33 0
1 33 0
1 33 0
1 33 0
1 33 0
1 33 0
1 33 0
1 33 0
1 33 0
1 33 0
1 33 0
1 33 0
1 33 0
1 33 0
1 33 0
0 28 0
0 40 0
0 50 0
0 49 0
0 39 0
1
2 38 6
77
2 3 0
1 4 0
1 4 0
1 4 0
1 4 0
1 4 0
2 34 6
1 22 0
2 16 0
1 22 0
1 22 0
1 22 0
1 22 0
2 1 6
1 16 0
2 13 0
1 16 0
1 16 0
1 16 0
1 16 0
2 38 6
1 22 0
2 21 0
1 22 0
1 22 0
1 22 0
1 22 0
2 25 6
1 33 0
2 20 0
1 33 0
1 33 0
1 33 0
1 33 0
2 27 6
2 16 0
1 24 0
1 24 0
1 24 0
1 24 0
1 24 0
2 26 6
2 23 0
1 29 0
1 29 0
1 29 0
1 29 0
1 29 0
2 11 6
1 27 0
2 25 0
1 27 0
1 27 0
1 27 0
1 27 0
2 30 6
1 29 0
2 18 0
1 29 0
1 29 0
1 29 0
1 29 0
2 19 6
2 17 0
1 20 0
1 20 0
1 20 0
1 20 0
1 20 0
0 40 0
0 12 0
0 37 0
0 47 0
0 10 0
0 13 0
0 17 0
0 18 0
29
1 7 0
2 10 1
1 35 0
0 35 0
2 27 0
0 32 0
2 40 0
2 12 0
1 31 0
0 40 0
1 30 2
0 29 1
0 21 0
2 6 0
2 45 0
0 16 0
1 9 0
0 12 0
1 32 0
1 22 1
2 38 0
2 31 1
0 9 0
0 42 0
0 30 2
1 30 0
1 17 0
2 34 1
1 12 0
51
0 12 0
2 43 0
2 39 0
2 19 0
2 9 2
1 2 0
1 6 0
2 41 0
2 36 0
2 42 0
1 45 0
2 39 0
1 50 0
2 38 0
0 46 0
1 8 0
2 41 0
2 43 1
0 32 0
2 33 0
2 10 0
1 0 0
0 13 0
1 17 0
2 36 1
2 42 0
2 49 0
2 0 0
0 35 0
1 38 2
2 37 0
1 0 0
1 42 0
1 1 0
0 26 0
2 35 0
1 22 0
0 42 0
2 50 0
2 33 2
0 16 0
2 6 0
1 25 2
2 24 0
1 16 0
0 29 0
2 39 1
1 45 0
0 20 1
0 15 0
1 31 0
7
0 46 0
1 7 2
1 4 2
2 29 2
1 15 0
0 20 1
2 11 0
73
2 39 0
2 12 0
1 11 0
1 42 0
2 43 0
2 18 0
2 2 0
1 42 0
1 15 0
2 12 2
1 32 0
0 14 0
1 48 1
2 5 0
0 47 0
1 5 0
2 16 0
1 48 0
0 49 0
1 30 0
1 40 0
0 47 0
2 46 0
0 33 0
2 5 0
1 37 0
0 2 0
0 21 0
0 22 1
2 13 1
0 31 1
1 24 0
2 31 0
0 33 0
2 9 1
0 29 0
2 30 1
0 13 0
1 12 1
0 13 0
0 3 0
2 30 0
1 42 0
0 28 0
2 46 0
0 28 0
0 5 1
1 11 0
2 27 0
2 28 0
1 45 0
0 16 0
0 5 0
2 29 0
0 41 0
1 38 0
2 44 0
0 31 0
0 50 0
2 12 0
1 41 0
0 5 0
1 13 1
2 13 0
2 14 1
2 20 0
1 5 0
2 11 0
1 45 0
2 24 1
2 46 2
2 50 0
2 32 0
5
0 50 50
1 50 50
1 50 50
0 50 50
2 50 50
75
2 50 0
0 50 0
0 50 0
0 50 0
1 50 0
1 50 0
0 50 0
0 50 0
0 50 0
1 50 0
1 50 0
2 50 0
2 50 0
1 50 0
1 50 0
1 50 0
2 50 0
1 50 0
2 50 0
1 50 0
2 50 0
1 50 0
2 50 0
2 50 0
0 50 0
2 50 0
2 50 0
1 50 0
1 50 0
1 50 0
0 50 0
0 50 0
2 50 0
2 50 0
1 50 0
1 50 0
2 50 0
0 50 0
2 50 0
2 50 0
2 50 0
2 50 0
0 50 0
0 50 0
1 50 0
1 50 0
2 50 0
2 50 0
2 50 0
2 50 0
0 50 0
2 50 0
1 50 0
0 50 0
2 50 0
1 50 0
2 50 0
0 50 0
0 50 0
2 50 0
0 50 0
2 50 0
0 50 0
0 50 0
1 50 0
0 50 0
1 50 0
1 50 0
0 50 0
0 50 0
2 50 0
1 50 0
1 50 0
2 50 0
1 50 0
9
2 18 0
0 1 0
2 37 3
0 24 1
1 10 0
1 10 5
1 24 0
0 23 0
2 31 0
71
1 8 5
0 28 0
2 15 0
2 7 0
2 41 0
0 20 2
2 24 0
0 37 0
2 28 1
0 44 0
1 50 0
2 45 0
0 46 0
2 7 0
2 5 0
2 31 0
0 30 1
2 1 0
1 35 0
2 2 0
0 10 0
0 33 1
0 0 0
0 6 0
0 32 0
1 8 1
0 3 0
0 25 0
2 49 0
1 42 0
0 7 0
2 20 0
0 33 1
1 35 5
2 5 0
0 36 4
1 34 3
0 38 0
1 39 1
1 8 1
0 5 6
0 10 0
1 16 0
2 14 4
0 3 0
0 26 1
1 30 0
2 24 9
1 2 0
2 28 0
2 49 2
1 13 1
2 20 0
1 45 2
0 12 0
2 40 0
1 11 1
0 0 2
0 44 1
1 2 0
1 0 0
1 44 0
2 48 0
2 2 0
2 22 0
1 14 4
2 13 0
1 2 0
1 7 0
2 0 1
0 7 0
1
2 10 17
76
1 7 0
2 5 0
1 7 0
1 7 0
1 7 0
1 7 0
1 7 0
1 7 0
1 7 0
1 7 0
1 7 0
1 7 0
1 7 0
1 7 0
1 7 0
1 7 0
1 7 0
2 0 17
2 21 0
1 24 0
1 24 0
1 24 0
1 24 0
1 24 0
1 24 0
1 24 0
1 24 0
1 24 0
1 24 0
1 24 0
1 24 0
1 24 0
1 24 0
1 24 0
1 24 0
2 40 17
1 17 0
2 16 0
1 17 0
1 17 0
1 17 0
1 17 0
1 17 0
1 17 0
1 17 0
1 17 0
1 17 0
1 17 0
1 17 0
1 17 0
1 17 0
1 17 0
1 17 0
2 4 17
2 14 0
1 20 0
1 20 0
1 20 0
1 20 0
1 20 0
1 20 0
1 20 0
1 20 0
1 20 0
1 20 0
1 20 0
1 20 0
1 20 0
1 20 0
1 20 0
1 20 0
0 47 0
0 16 0
0 46 0
0 10 0
0 21 0
4
0 39 0
2 25 2
0 15 0
2 40 0
76
0 41 0
2 25 0
0 10 5
2 17 0
1 13 2
2 42 0
1 2 0
2 7 0
1 32 0
0 9 0
0 5 0
0 5 0
0 41 0
2 39 0
1 17 1
0 36 2
1 48 0
2 20 0
0 6 4
1 32 3
1 44 0
2 22 1
1 39 4
1 47 2
2 11 0
2 12 1
0 12 0
1 49 4
0 42 0
0 49 2
1 39 1
2 12 3
1 6 0
0 0 0
2 1 6
0 10 0
0 42 0
0 9 2
1 15 0
1 45 2
0 41 0
2 42 5
0 46 3
2 37 9
1 47 0
1 25 0
2 35 0
0 28 0
2 29 0
0 24 0
2 39 0
1 30 0
0 26 0
0 15 14
2 8 6
1 34 2
1 10 0
1 3 1
1 26 1
2 28 0
0 9 0
2 17 1
1 8 1
2 33 0
0 23 1
2 23 0
2 23 0
0 32 3
0 39 1
2 49 1
0 48 0
0 7 3
0 3 3
0 4 0
2 6 0
2 23 0
1
2 50 50
79
2 50 0
2 50 0
2 50 0
2 50 0
2 50 0
2 50 0
2 50 0
2 50 0
2 50 0
2 50 0
2 50 0
2 50 0
2 50 0
2 50 0
2 50 0
2 50 0
2 50 0
2 50 0
2 50 0
2 50 0
2 50 0
2 50 0
2 50 0
2 50 0
2 50 0
2 50 0
2 50 0
2 50 0
2 50 0
2 50 0
2 50 0
2 50 0
2 50 0
2 50 0
2 50 0
2 50 0
2 50 0
2 50 0
2 50 0
2 50 0
2 50 0
2 50 0
2 50 0
2 50 0
2 50 0
2 50 0
2 50 0
2 50 0
2 50 0
2 50 0
2 50 0
2 50 0
2 50 0
2 50 0
2 50 0
2 50 0
2 50 0
2 50 0
2 50 0
2 50 0
2 50 0
2 50 0
2 50 0
2 50 0
2 50 0
2 50 0
2 50 0
2 50 0
2 50 0
2 50 0
2 50 0
2 50 0
2 50 0
2 50 0
2 50 0
2 50 0
2 50 0
2 50 0
2 50 0
1
2 48 11
73
2 17 0
1 19 0
1 19 0
1 19 0
1 19 0
1 19 0
1 19 0
1 19 0
1 19 0
1 19 0
1 19 0
2 22 11
1 9 0
2 6 0
1 9 0
1 9 0
1 9 0
1 9 0
1 9 0
1 9 0
1 9 0
1 9 0
1 9 0
2 12 11
2 5 0
1 6 0
1 6 0
1 6 0
1 6 0
1 6 0
1 6 0
1 6 0
1 6 0
1 6 0
1 6 0
2 5 11
1 6 0
2 5 0
1 6 0
1 6 0
1 6 0
1 6 0
1 6 0
1 6 0
1 6 0
1 6 0
1 6 0
2 48 11
1 27 0
2 23 0
1 27 0
1 27 0
1 27 0
1 27 0
1 27 0
1 27 0
1 27 0
1 27 0
1 27 0
2 18 11
2 17 0
1 24 0
1 24 0
1 24 0
1 24 0
1 24 0
1 24 0
1 24 0
1 24 0
1 24 0
1 24 0
0 29 0
0 43 0
1
2 26 26
55
1 17 0
2 12 0
1 17 0
1 17 0
1 17 0
1 17 0
1 17 0
1 17 0
1 17 0
1 17 0
1 17 0
1 17 0
1 17 0
1 17 0
1 17 0
1 17 0
1 17 0
1 17 0
1 17 0
1 17 0
1 17 0
1 17 0
1 17 0
1 17 0
1 17 0
1 17 0
2 10 26
1 19 0
2 17 0
1 19 0
1 19 0
1 19 0
1 19 0
1 19 0
1 19 0
1 19 0
1 19 0
1 19 0
1 19 0
1 19 0
1 19 0
1 19 0
1 19 0
1 19 0
1 19 0
1 19 0
1 19 0
1 19 0
1 19 0
1 19 0
1 19 0
1 19 0
1 19 0
0 15 0
0 50 0
1
2 33 14
76
1 5 0
2 3 0
1 5 0
1 5 0
1 5 0
1 5 0
1 5 0
1 5 0
1 5 0
1 5 0
1 5 0
1 5 0
1 5 0
1 5 0
2 23 14
2 15 0
1 16 0
1 16 0
1 16 0
1 16 0
1 16 0
1 16 0
1 16 0
1 16 0
1 16 0
1 16 0
1 16 0
1 16 0
1 16 0
2 30 14
1 18 0
2 13 0
1 18 0
1 18 0
1 18 0
1 18 0
1 18 0
1 18 0
1 18 0
1 18 0
1 18 0
1 18 0
1 18 0
1 18 0
2 19 14
1 19 0
2 11 0
1 19 0
1 19 0
1 19 0
1 19 0
1 19 0
1 19 0
1 19 0
1 19 0
1 19 0
1 19 0
1 19 0
1 19 0
2 7 14
1 20 0
2 19 0
1 20 0
1 20 0
1 20 0
1 20 0
1 20 0
1 20 0
1 20 0
1 20 0
1 20 0
1 20 0
1 20 0
1 20 0
0 27 0
0 13 0
1
2 50 50
79
2 50 50
1 50 50
1 50 50
2 50 50
0 50 50
2 50 50
1 50 50
2 50 50
0 50 50
1 50 50
2 50 50
1 50 50
0 50 50
1 50 50
1 50 50
2 50 50
0 50 50
1 50 50
0 50 50
0 50 50
1 50 50
1 50 50
2 50 50
1 50 50
0 50 50
1 50 50
1 50 50
0 50 50
1 50 50
2 50 50
0 50 50
0 50 50
1 50 50
0 50 50
1 50 50
1 50 50
0 50 50
2 50 50
2 50 50
1 50 50
1 50 50
1 50 50
1 50 50
1 50 50
1 50 50
2 50 50
2 50 50
2 50 50
0 50 50
1 50 50
2 50 50
0 50 50
2 50 50
1 50 50
1 50 50
1 50 50
0 50 50
1 50 50
2 50 50
2 50 50
1 50 50
0 50 50
2 50 50
2 50 50
2 50 50
2 50 50
2 50 50
2 50 50
0 50 50
1 50 50
2 50 50
2 50 50
2 50 50
0 50 50
1 50 50
1 50 50
1 50 50
2 50 50
0 50 50
3
1 19 0
2 32 1
1 46 0
77
0 26 0
2 42 2
2 9 0
2 43 0
0 42 0
1 8 1
2 7 2
2 17 1
1 45 0
1 43 0
2 40 0
1 46 0
2 27 2
2 41 0
0 41 1
2 42 0
1 40 1
0 15 4
0 30 0
2 25 0
1 4 0
0 22 1
1 36 0
0 23 0
1 19 0
0 44 0
1 9 0
0 50 0
1 12 0
0 46 0
1 36 0
1 1 3
2 24 0
1 3 0
0 50 0
2 0 0
1 13 0
2 21 1
0 6 0
1 27 0
0 39 0
1 6 0
1 1 0
1 32 1
2 41 0
0 27 0
1 44 0
2 37 2
2 48 0
1 29 0
0 47 0
1 28 0
2 50 2
0 17 2
2 12 1
2 38 1
1 24 0
2 13 0
2 45 0
1 38 0
0 0 0
2 24 1
2 39 0
1 8 0
2 13 0
2 21 0
0 16 1
1 21 1
2 37 0
0 14 0
0 20 1
1 41 0
2 16 0
1 15 0
1 18 2
0 7 0
0 44 0
1
2 13 11
74
2 2 0
1 3 0
1 3 0
1 3 0
1 3 0
1 3 0
1 3 0
1 3 0
1 3 0
1 3 0
1 3 0
2 16 11
2 12 0
1 14 0
1 14 0
1 14 0
1 14 0
1 14 0
1 14 0
1 14 0
1 14 0
1 14 0
1 14 0
2 44 11
1 6 0
2 5 0
1 6 0
1 6 0
1 6 0
1 6 0
1 6 0
1 6 0
1 6 0
1 6 0
1 6 0
2 1 11
2 14 0
1 22 0
1 22 0
1 22 0
1 22 0
1 22 0
1 22 0
1 22 0
1 22 0
1 22 0
1 22 0
2 20 11
2 5 0
1 7 0
1 7 0
1 7 0
1 7 0
1 7 0
1 7 0
1 7 0
1 7 0
1 7 0
1 7 0
2 30 11
1 9 0
2 8 0
1 9 0
1 9 0
1 9 0
1 9 0
1 9 0
1 9 0
1 9 0
1 9 0
1 9 0
0 15 0
0 41 0
0 28 0
1
2 15 50
79
1 10 0
2 9 0
1 10 0
1 10 0
1 10 0
1 10 0
1 10 0
1 10 0
1 10 0
1 10 0
1 10 0
1 10 0
1 10 0
1 10 0
1 10 0
1 10 0
1 10 0
1 10 0
1 10 0
1 10 0
1 10 0
1 10 0
1 10 0
1 10 0
1 10 0
1 10 0
1 10 0
1 10 0
1 10 0
1 10 0
1 10 0
1 10 0
1 10 0
1 10 0
1 10 0
1 10 0
1 10 0
1 10 0
1 10 0
1 10 0
1 10 0
1 10 0
1 10 0
1 10 0
1 10 0
1 10 0
1 10 0
1 10 0
1 10 0
1 10 0
1 10 0
1 10 0
1 10 0
1 10 0
1 10 0
1 10 0
1 10 0
1 10 0
1 10 0
1 10 0
1 10 0
1 10 0
1 10 0
1 10 0
1 10 0
1 10 0
1 10 0
1 10 0
1 10 0
1 10 0
1 10 0
0 32 0
0 42 0
0 30 0
0 41 0
0 22 0
0 33 0
0 45 0
0 23 0
1
2 29 8
76
1 3 0
2 2 0
1 3 0
1 3 0
1 3 0
1 3 0
1 3 0
1 3 0
2 33 8
1 26 0
2 14 0
1 26 0
1 26 0
1 26 0
1 26 0
1 26 0
1 26 0
2 19 8
2 9 0
1 10 0
1 10 0
1 10 0
1 10 0
1 10 0
1 10 0
1 10 0
2 27 8
1 32 0
2 22 0
1 32 0
1 32 0
1 32 0
1 32 0
1 32 0
1 32 0
2 15 8
2 21 0
1 22 0
1 22 0
1 22 0
1 22 0
1 22 0
1 22 0
1 22 0
2 27 8
2 16 0
1 18 0
1 18 0
1 18 0
1 18 0
1 18 0
1 18 0
1 18 0
2 43 8
2 12 0
1 13 0
1 13 0
1 13 0
1 13 0
1 13 0
1 13 0
1 13 0
2 47 8
1 17 0
2 13 0
1 17 0
1 17 0
1 17 0
1 17 0
1 17 0
1 17 0
0 20 0
0 37 0
0 44 0
0 11 0
0 11 0
1
2 19 11
77
2 19 0
1 27 0
1 27 0
1 27 0
1 27 0
1 27 0
1 27 0
1 27 0
1 27 0
1 27 0
1 27 0
2 19 11
1 6 0
2 4 0
1 6 0
1 6 0
1 6 0
1 6 0
1 6 0
1 6 0
1 6 0
1 6 0
1 6 0
2 11 11
1 13 0
2 12 0
1 13 0
1 13 0
1 13 0
1 13 0
1 13 0
1 13 0
1 13 0
1 13 0
1 13 0
2 8 11
1 17 0
2 16 0
1 17 0
1 17 0
1 17 0
1 17 0
1 17 0
1 17 0
1 17 0
1 17 0
1 17 0
2 31 11
2 12 0
1 13 0
1 13 0
1 13 0
1 13 0
1 13 0
1 13 0
1 13 0
1 13 0
1 13 0
1 13 0
2 9 11
2 9 0
1 14 0
1 14 0
1 14 0
1 14 0
1 14 0
1 14 0
1 14 0
1 14 0
1 14 0
1 14 0
0 39 0
0 32 0
0 33 0
0 13 0
0 23 0
0 16 0
9
0 7 0
1 31 0
2 30 1
1 10 0
2 18 0
2 44 2
0 28 0
1 23 2
1 48 0
71
1 45 0
2 14 1
0 44 0
2 45 1
0 42 1
1 12 1
0 46 0
2 44 0
0 0 0
1 7 0
0 33 0
2 41 1
1 0 0
2 31 0
1 22 1
2 31 0
1 6 0
2 30 0
0 44 1
1 24 0
2 19 2
1 28 0
2 21 0
2 21 0
1 3 0
1 21 1
2 11 1
1 31 1
0 19 0
2 24 0
2 19 0
0 26 0
0 33 0
0 50 0
0 32 0
0 22 0
1 8 0
0 46 0
0 45 0
1 0 0
0 7 0
2 20 0
1 9 0
2 11 0
1 8 0
2 27 0
2 2 2
1 10 0
0 13 0
2 39 0
2 26 0
1 7 0
2 26 0
1 47 0
1 33 0
2 46 1
2 15 0
0 47 0
2 1 0
2 49 0
2 8 0
0 7 0
0 23 0
1 44 0
2 11 1
2 41 0
2 6 0
0 46 0
1 25 0
2 16 0
0 44 1
1
2 2 50
79
1 19 0
2 17 0
1 19 0
1 19 0
1 19 0
1 19 0
1 19 0
1 19 0
1 19 0
1 19 0
1 19 0
1 19 0
1 19 0
1 19 0
1 19 0
1 19 0
1 19 0
1 19 0
1 19 0
1 19 0
1 19 0
1 19 0
1 19 0
1 19 0
1 19 0
1 19 0
1 19 0
1 19 0
1 19 0
1 19 0
1 19 0
1 19 0
1 19 0
1 19 0
1 19 0
1 19 0
1 19 0
1 19 0
1 19 0
1 19 0
1 19 0
1 19 0
1 19 0
1 19 0
1 19 0
1 19 0
1 19 0
1 19 0
1 19 0
1 19 0
1 19 0
1 19 0
1 19 0
1 19 0
1 19 0
1 19 0
1 19 0
1 19 0
1 19 0
1 19 0
0 17 0
0 23 0
0 17 0
0 35 0
0 14 0
0 46 0
0 21 0
0 40 0
0 40 0
0 16 0
0 23 0
0 32 0
0 47 0
0 43 0
0 20 0
0 21 0
0 27 0
0 14 0
0 14 0
1
2 44 6
77
1 25 0
2 16 0
1 25 0
1 25 0
1 25 0
1 25 0
2 25 6
2 17 0
1 18 0
1 18 0
1 18 0
1 18 0
1 18 0
2 34 6
1 36 0
2 20 0
1 36 0
1 36 0
1 36 0
1 36 0
2 33 6
1 23 0
2 16 0
1 23 0
1 23 0
1 23 0
1 23 0
2 28 6
2 19 0
1 25 0
1 25 0
1 25 0
1 25 0
1 25 0
2 3 6
2 14 0
1 23 0
1 23 0
1 23 0
1 23 0
1 23 0
2 31 6
1 14 0
2 9 0
1 14 0
1 14 0
1 14 0
1 14 0
2 32 6
2 25 0
1 26 0
1 26 0
1 26 0
1 26 0
1 26 0
2 9 6
1 27 0
2 26 0
1 27 0
1 27 0
1 27 0
1 27 0
2 31 6
2 11 0
1 12 0
1 12 0
1 12 0
1 12 0
1 12 0
0 48 0
0 16 0
0 27 0
0 20 0
0 46 0
0 28 0
0 18 0
0 40 0
1
2 1 26
59
2 13 0
1 21 0
1 21 0
1 21 0
1 21 0
1 21 0
1 21 0
1 21 0
1 21 0
1 21 0
1 21 0
1 21 0
1 21 0
1 21 0
1 21 0
1 21 0
1 21 0
1 21 0
1 21 0
1 21 0
1 21 0
1 21 0
1 21 0
1 21 0
1 21 0
1 21 0
2 45 26
2 18 0
1 22 0
1 22 0
1 22 0
1 22 0
1 22 0
1 22 0
1 22 0
1 22 0
1 22 0
1 22 0
1 22 0
1 22 0
1 22 0
1 22 0
1 22 0
1 22 0
1 22 0
1 22 0
1 22 0
1 22 0
1 22 0
1 22 0
1 22 0
1 22 0
1 22 0
0 26 0
0 35 0
0 25 0
0 27 0
0 20 0
0 35 0
1
1 29 50
79
2 47 50
1 3 0
1 41 0
1 28 0
2 26 0
1 9 0
2 39 0
2 0 0
1 45 0
2 17 0
1 47 0
2 32 0
1 2 0
1 27 0
2 11 0
2 15 0
1 40 0
1 2 0
2 21 0
1 38 0
1 40 0
1 40 0
2 28 0
1 44 0
2 32 0
1 30 0
2 32 0
1 32 0
1 28 0
2 41 0
1 8 0
2 22 0
2 38 0
1 13 0
1 16 0
1 31 0
1 19 0
1 42 0
1 47 0
1 4 0
1 7 0
1 1 0
1 9 0
1 15 0
2 40 0
1 7 0
2 45 0
1 49 0
2 2 0
1 21 0
2 31 0
1 22 0
1 13 0
1 33 0
1 31 0
2 25 0
2 27 0
2 33 0
1 48 0
2 5 0
2 3 0
2 41 0
2 19 0
2 27 0
2 17 0
1 6 0
2 0 0
1 46 0
1 13 0
2 40 0
2 25 0
2 42 0
1 21 0
2 21 0
1 11 0
2 0 0
2 17 0
1 17 0
2 21 0
1
2 28 21
70
1 15 0
2 10 0
1 15 0
1 15 0
1 15 0
1 15 0
1 15 0
1 15 0
1 15 0
1 15 0
1 15 0
1 15 0
1 15 0
1 15 0
1 15 0
1 15 0
1 15 0
1 15 0
1 15 0
1 15 0
1 15 0
2 2 21
2 21 0
1 29 0
1 29 0
1 29 0
1 29 0
1 29 0
1 29 0
1 29 0
1 29 0
1 29 0
1 29 0
1 29 0
1 29 0
1 29 0
1 29 0
1 29 0
1 29 0
1 29 0
1 29 0
1 29 0
1 29 0
2 18 21
2 17 0
1 18 0
1 18 0
1 18 0
1 18 0
1 18 0
1 18 0
1 18 0
1 18 0
1 18 0
1 18 0
1 18 0
1 18 0
1 18 0
1 18 0
1 18 0
1 18 0
1 18 0
1 18 0
1 18 0
1 18 0
0 40 0
0 36 0
0 23 0
0 24 0
0 50 0
49
1 27 0
1 5 2
2 27 0
1 10 2
2 24 0
0 2 0
1 43 0
1 20 0
0 33 0
2 28 0
2 49 0
1 11 0
0 2 0
2 21 0
2 34 0
0 41 2
1 40 0
2 45 0
0 11 1
0 20 0
2 38 0
0 34 1
2 32 0
1 15 0
2 22 0
1 22 2
2 14 0
0 50 0
2 4 0
0 48 0
2 20 1
0 37 0
2 5 0
1 37 0
2 30 0
0 10 0
2 34 0
2 46 0
0 27 0
1 8 1
0 37 0
2 18 0
2 36 0
1 9 1
1 29 2
1 28 0
0 27 0
1 30 0
2 39 0
31
0 11 0
2 22 1
1 26 0
2 30 0
2 35 0
1 6 0
0 49 0
0 34 2
0 12 0
0 38 0
0 44 0
2 29 1
2 16 1
0 29 1
0 3 0
0 33 0
2 37 1
1 38 1
0 31 1
1 45 0
1 28 0
2 35 0
0 41 0
1 2 0
1 19 1
1 21 2
1 12 0
0 12 0
0 50 0
1 2 0
0 36 2
1
2 31 32
68
2 11 0
1 17 0
1 17 0
1 17 0
1 17 0
1 17 0
1 17 0
1 17 0
1 17 0
1 17 0
1 17 0
1 17 0
1 17 0
1 17 0
1 17 0
1 17 0
1 17 0
1 17 0
1 17 0
1 17 0
1 17 0
1 17 0
1 17 0
1 17 0
1 17 0
1 17 0
1 17 0
1 17 0
1 17 0
1 17 0
1 17 0
1 17 0
2 32 32
2 10 0
1 16 0
1 16 0
1 16 0
1 16 0
1 16 0
1 16 0
1 16 0
1 16 0
1 16 0
1 16 0
1 16 0
1 16 0
1 16 0
1 16 0
1 16 0
1 16 0
1 16 0
1 16 0
1 16 0
1 16 0
1 16 0
1 16 0
1 16 0
1 16 0
1 16 0
1 16 0
1 16 0
1 16 0
1 16 0
1 16 0
1 16 0
0 12 0
0 41 0
0 16 0
6
2 37 0
1 39 0
2 17 7
1 19 0
2 13 0
0 32 0
74
2 11 0
1 31 0
1 6 0
2 16 0
0 42 0
1 38 1
1 23 0
2 41 0
1 35 1
1 28 1
2 33 0
0 21 0
2 6 0
2 36 0
0 27 5
2 4 0
2 42 0
1 14 0
0 32 0
1 19 13
1 10 0
1 18 0
1 26 2
1 20 1
2 16 1
2 10 0
2 11 0
1 34 1
2 22 0
2 3 2
1 5 1
0 11 6
1 19 0
2 5 4
2 15 1
1 19 4
2 9 2
0 24 0
2 6 3
2 16 0
0 15 0
1 27 0
1 0 0
2 38 1
2 50 0
0 5 1
0 47 2
1 7 1
2 1 0
2 32 0
2 34 0
0 14 0
2 31 0
2 11 1
0 32 1
0 26 2
1 37 0
0 49 0
0 0 4
2 42 0
0 47 0
2 4 0
1 1 0
0 22 2
1 21 0
2 38 2
0 29 0
2 10 0
1 31 0
1 24 0
0 2 0
1 3 1
0 24 0
1 38 1
1
0 50 50
79
1 50 0
2 50 0
1 50 0
1 50 0
2 50 0
0 50 0
1 50 0
0 50 0
0 50 0
0 50 0
0 50 0
2 50 0
2 50 0
1 50 0
0 50 0
1 50 0
0 50 0
2 50 0
0 50 0
1 50 0
0 50 0
2 50 0
0 50 0
0 50 0
1 50 0
2 50 0
1 50 0
0 50 0
0 50 0
1 50 0
0 50 0
2 50 0
2 50 0
2 50 0
1 50 0
0 50 0
1 50 0
1 50 0
1 50 0
1 50 0
2 50 0
0 50 0
0 50 0
2 50 0
0 50 0
0 50 0
1 50 0
0 50 0
0 50 0
1 50 0
1 50 0
0 50 0
1 50 0
0 50 0
2 50 0
1 50 0
0 50 0
2 50 0
2 50 0
2 50 0
0 50 0
2 50 0
1 50 0
2 50 0
1 50 0
1 50 0
2 50 0
1 50 0
2 50 0
1 50 0
0 50 0
0 50 0
0 50 0
0 50 0
2 50 0
2 50 0
1 50 0
1 50 0
1 50 0
5
2 7 3
1 7 1
0 48 1
1 12 0
1 11 1
75
2 0 0
1 33 3
0 6 2
0 19 0
0 14 0
2 33 0
2 18 1
1 38 0
1 37 0
0 6 0
1 37 3
0 15 2
2 6 0
0 10 1
2 43 2
2 3 0
2 37 0
2 37 1
0 49 4
1 23 0
1 41 0
2 4 0
1 1 0
2 6 3
2 38 0
2 45 0
2 22 0
0 25 0
2 32 1
0 39 1
2 26 1
0 31 1
1 22 0
1 10 0
0 24 0
1 34 0
1 46 0
0 7 0
2 10 0
1 10 0
1 29 6
1 23 6
1 38 0
1 7 1
2 2 0
2 48 2
2 5 0
2 17 1
2 8 0
2 19 7
0 41 1
1 13 0
0 1 0
1 21 0
0 44 2
2 0 1
2 10 0
2 34 2
2 22 3
0 12 0
0 2 0
2 6 0
1 22 0
2 16 2
0 9 0
1 28 1
2 3 0
0 9 0
1 48 0
1 12 0
0 2 1
0 38 1
0 49 0
2 19 0
0 20 7
1
2 18 3
73
1 21 0
2 20 0
1 21 0
2 37 3
2 6 0
1 7 0
1 7 0
2 35 3
2 18 0
1 20 0
1 20 0
2 48 3
1 8 0
2 7 0
1 8 0
2 38 3
1 10 0
2 9 0
1 10 0
2 39 3
1 9 0
2 6 0
1 9 0
2 40 3
1 25 0
2 19 0
1 25 0
2 49 3
2 21 0
1 23 0
1 23 0
2 0 3
1 11 0
2 10 0
1 11 0
2 36 3
1 26 0
2 24 0
1 26 0
2 49 3
1 16 0
2 15 0
1 16 0
2 25 3
1 29 0
2 20 0
1 29 0
2 21 3
2 25 0
1 30 0
1 30 0
2 19 3
1 16 0
2 15 0
1 16 0
2 33 3
1 19 0
2 18 0
1 19 0
2 28 3
2 32 0
1 38 0
1 38 0
0 31 0
0 40 0
0 27 0
0 40 0
0 39 0
0 34 0
0 49 0
0 36 0
0 39 0
0 20 0
1
2 23 32
69
2 15 0
1 20 0
1 20 0
1 20 0
1 20 0
1 20 0
1 20 0
1 20 0
1 20 0
1 20 0
1 20 0
1 20 0
1 20 0
1 20 0
1 20 0
1 20 0
1 20 0
1 20 0
1 20 0
1 20 0
1 20 0
1 20 0
1 20 0
1 20 0
1 20 0
1 20 0
1 20 0
1 20 0
1 20 0
1 20 0
1 20 0
1 20 0
2 41 32
1 32 0
2 17 0
1 32 0
1 32 0
1 32 0
1 32 0
1 32 0
1 32 0
1 32 0
1 32 0
1 32 0
1 32 0
1 32 0
1 32 0
1 32 0
1 32 0
1 32 0
1 32 0
1 32 0
1 32 0
1 32 0
1 32 0
1 32 0
1 32 0
1 32 0
1 32 0
1 32 0
1 32 0
1 32 0
1 32 0
1 32 0
1 32 0
0 16 0
0 40 0
0 14 0
0 31 0
1
2 11 14
78
2 6 0
1 9 0
1 9 0
1 9 0
1 9 0
1 9 0
1 9 0
1 9 0
1 9 0
1 9 0
1 9 0
1 9 0
1 9 0
1 9 0
2 21 14
1 7 0
2 4 0
1 7 0
1 7 0
1 7 0
1 7 0
1 7 0
1 7 0
1 7 0
1 7 0
1 7 0
1 7 0
1 7 0
1 7 0
2 21 14
1 13 0
2 9 0
1 13 0
1 13 0
1 13 0
1 13 0
1 13 0
1 13 0
1 13 0
1 13 0
1 13 0
1 13 0
1 13 0
1 13 0
2 20 14
2 16 0
1 23 0
1 23 0
1 23 0
1 23 0
1 23 0
1 23 0
1 23 0
1 23 0
1 23 0
1 23 0
1 23 0
1 23 0
1 23 0
2 2 14
1 27 0
2 24 0
1 27 0
1 27 0
1 27 0
1 27 0
1 27 0
1 27 0
1 27 0
1 27 0
1 27 0
1 27 0
1 27 0
1 27 0
0 49 0
0 22 0
0 25 0
0 17 0
10
1 50 50
1 50 50
0 50 50
2 50 50
1 50 50
0 50 50
1 50 50
1 50 50
1 50 50
1 50 50
70
0 50 0
1 50 0
2 50 0
0 50 0
2 50 0
1 50 0
2 50 0
2 50 0
0 50 0
1 50 0
0 50 0
0 50 0
1 50 0
2 50 0
0 50 0
2 50 0
2 50 0
2 50 0
0 50 0
0 50 0
2 50 0
2 50 0
0 50 0
0 50 0
0 50 0
1 50 0
2 50 0
0 50 0
0 50 0
0 50 0
2 50 0
0 50 0
0 50 0
2 50 0
0 50 0
2 50 0
1 50 0
1 50 0
1 50 0
1 50 0
2 50 0
2 50 0
1 50 0
1 50 0
0 50 0
2 50 0
1 50 0
0 50 0
1 50 0
0 50 0
1 50 0
2 50 0
2 50 0
2 50 0
1 50 0
1 50 0
2 50 0
0 50 0
2 50 0
0 50 0
1 50 0
0 50 0
2 50 0
0 50 0
2 50 0
1 50 0
1 50 0
1 50 0
2 50 0
1 50 0
1
2 20 4
77
1 15 0
2 12 0
1 15 0
1 15 0
2 23 4
1 20 0
2 16 0
1 20 0
1 20 0
2 49 4
1 21 0
2 20 0
1 21 0
1 21 0
2 35 4
1 19 0
2 18 0
1 19 0
1 19 0
2 29 4
1 13 0
2 12 0
1 13 0
1 13 0
2 6 4
1 28 0
2 22 0
1 28 0
1 28 0
2 23 4
2 16 0
1 19 0
1 19 0
1 19 0
2 13 4
1 14 0
2 13 0
1 14 0
1 14 0
2 9 4
2 11 0
1 17 0
1 17 0
1 17 0
2 20 4
2 13 0
1 15 0
1 15 0
1 15 0
2 16 4
2 30 0
1 32 0
1 32 0
1 32 0
2 4 4
2 19 0
1 22 0
1 22 0
1 22 0
2 46 4
2 31 0
1 32 0
1 32 0
1 32 0
2 26 4
1 34 0
2 29 0
1 34 0
1 34 0
2 17 4
2 23 0
1 24 0
1 24 0
1 24 0
0 20 0
0 10 0
0 25 0
1
2 40 19
77
1 11 0
2 7 0
1 11 0
1 11 0
1 11 0
1 11 0
1 11 0
1 11 0
1 11 0
1 11 0
1 11 0
1 11 0
1 11 0
1 11 0
1 11 0
1 11 0
1 11 0
1 11 0
1 11 0
2 27 19
1 22 0
2 20 0
1 22 0
1 22 0
1 22 0
1 22 0
1 22 0
1 22 0
1 22 0
1 22 0
1 22 0
1 22 0
1 22 0
1 22 0
1 22 0
1 22 0
1 22 0
1 22 0
1 22 0
2 47 19
1 23 0
2 20 0
1 23 0
1 23 0
1 23 0
1 23 0
1 23 0
1 23 0
1 23 0
1 23 0
1 23 0
1 23 0
1 23 0
1 23 0
1 23 0
1 23 0
1 23 0
1 23 0
1 23 0
0 46 0
0 43 0
0 34 0
0 39 0
0 26 0
0 43 0
0 26 0
0 39 0
0 35 0
0 36 0
0 36 0
0 17 0
0 23 0
0 21 0
0 30 0
0 19 0
0 10 0
0 31 0
1
2 32 9
73
2 7 0
1 8 0
1 8 0
1 8 0
1 8 0
1 8 0
1 8 0
1 8 0
1 8 0
2 44 9
1 20 0
2 13 0
1 20 0
1 20 0
1 20 0
1 20 0
1 20 0
1 20 0
1 20 0
2 7 9
2 7 0
1 8 0
1 8 0
1 8 0
1 8 0
1 8 0
1 8 0
1 8 0
1 8 0
2 10 9
1 16 0
2 10 0
1 16 0
1 16 0
1 16 0
1 16 0
1 16 0
1 16 0
1 16 0
2 23 9
2 23 0
1 25 0
1 25 0
1 25 0
1 25 0
1 25 0
1 25 0
1 25 0
1 25 0
2 30 9
2 21 0
1 24 0
1 24 0
1 24 0
1 24 0
1 24 0
1 24 0
1 24 0
1 24 0
2 23 9
1 11 0
2 9 0
1 11 0
1 11 0
1 11 0
1 11 0
1 11 0
1 11 0
1 11 0
0 35 0
0 39 0
0 16 0
0 44 0
3
0 50 50
0 50 50
0 50 50
77
0 50 0
1 50 0
0 50 0
2 50 0
0 50 0
0 50 0
2 50 0
0 50 0
0 50 0
0 50 0
2 50 0
2 50 0
1 50 0
2 50 0
0 50 0
0 50 0
0 50 0
0 50 0
2 50 0
2 50 0
0 50 0
0 50 0
1 50 0
2 50 0
0 50 0
0 50 0
2 50 0
0 50 0
1 50 0
1 50 0
1 50 0
0 50 0
2 50 0
0 50 0
2 50 0
2 50 0
2 50 0
0 50 0
1 50 0
2 50 0
2 50 0
2 50 0
0 50 0
0 50 0
1 50 0
2 50 0
0 50 0
2 50 0
1 50 0
2 50 0
2 50 0
2 50 0
2 50 0
2 50 0
0 50 0
2 50 0
0 50 0
2 50 0
0 50 0
2 50 0
1 50 0
0 50 0
1 50 0
1 50 0
0 50 0
0 50 0
1 50 0
2 50 0
2 50 0
0 50 0
0 50 0
2 50 0
1 50 0
0 50 0
2 50 0
2 50 0
0 50 0
1
2 13 29
78
1 14 0
2 9 0
1 14 0
1 14 0
1 14 0
1 14 0
1 14 0
1 14 0
1 14 0
1 14 0
1 14 0
1 14 0
1 14 0
1 14 0
1 14 0
1 14 0
1 14 0
1 14 0
1 14 0
1 14 0
1 14 0
1 14 0
1 14 0
1 14 0
1 14 0
1 14 0
1 14 0
1 14 0
1 14 0
2 25 29
2 13 0
1 14 0
1 14 0
1 14 0
1 14 0
1 14 0
1 14 0
1 14 0
1 14 0
1 14 0
1 14 0
1 14 0
1 14 0
1 14 0
1 14 0
1 14 0
1 14 0
1 14 0
1 14 0
1 14 0
1 14 0
1 14 0
1 14 0
1 14 0
1 14 0
1 14 0
1 14 0
1 14 0
1 14 0
0 11 0
0 49 0
0 18 0
0 40 0
0 25 0
0 28 0
0 44 0
0 40 0
0 40 0
0 46 0
0 46 0
0 16 0
0 17 0
0 31 0
0 44 0
0 35 0
0 38 0
0 30 0
0 10 0
1
2 33 4
69
2 11 0
1 15 0
1 15 0
1 15 0
2 18 4
2 16 0
1 21 0
1 21 0
1 21 0
2 18 4
2 20 0
1 36 0
1 36 0
1 36 0
2 21 4
2 23 0
1 28 0
1 28 0
1 28 0
2 18 4
2 11 0
1 12 0
1 12 0
1 12 0
2 48 4
2 11 0
1 12 0
1 12 0
1 12 0
2 13 4
2 25 0
1 36 0
1 36 0
1 36 0
2 7 4
1 19 0
2 15 0
1 19 0
1 19 0
2 43 4
2 20 0
1 28 0
1 28 0
1 28 0
2 18 4
1 45 0
2 26 0
1 45 0
1 45 0
2 18 4
2 23 0
1 31 0
1 31 0
1 31 0
2 27 4
1 39 0
2 27 0
1 39 0
1 39 0
2 48 4
1 32 0
2 17 0
1 32 0
1 32 0
0 20 0
0 45 0
0 41 0
0 13 0
0 31 0
1
2 43 3
76
1 11 0
2 10 0
1 11 0
2 13 3
1 22 0
2 21 0
1 22 0
2 9 3
1 19 0
2 17 0
1 19 0
2 12 3
2 9 0
1 14 0
1 14 0
2 17 3
1 23 0
2 21 0
1 23 0
2 42 3
1 30 0
2 23 0
1 30 0
2 34 3
1 27 0
2 23 0
1 27 0
2 44 3
1 24 0
2 20 0
1 24 0
2 3 3
2 25 0
1 34 0
1 34 0
2 23 3
1 11 0
2 10 0
1 11 0
2 11 3
1 17 0
2 16 0
1 17 0
2 34 3
2 17 0
1 21 0
1 21 0
2 31 3
1 19 0
2 16 0
1 19 0
2 43 3
2 27 0
1 38 0
1 38 0
2 47 3
1 36 0
2 29 0
1 36 0
2 4 3
2 28 0
1 50 0
1 50 0
2 41 3
1 26 0
2 25 0
1 26 0
2 10 3
2 24 0
1 33 0
1 33 0
0 33 0
0 39 0
0 33 0
0 50 0
0 45 0
1
2 49 25
56
1 24 0
2 18 0
1 24 0
1 24 0
1 24 0
1 24 0
1 24 0
1 24 0
1 24 0
1 24 0
1 24 0
1 24 0
1 24 0
1 24 0
1 24 0
1 24 0
1 24 0
1 24 0
1 24 0
1 24 0
1 24 0
1 24 0
1 24 0
1 24 0
1 24 0
2 30 25
1 27 0
2 20 0
1 27 0
1 27 0
1 27 0
1 27 0
1 27 0
1 27 0
1 27 0
1 27 0
1 27 0
1 27 0
1 27 0
1 27 0
1 27 0
1 27 0
1 27 0
1 27 0
1 27 0
1 27 0
1 27 0
1 27 0
1 27 0
1 27 0
1 27 0
0 19 0
0 29 0
0 10 0
0 17 0
0 48 0
1
2 23 5
72
1 8 0
2 7 0
1 8 0
1 8 0
1 8 0
2 44 5
2 7 0
1 11 0
1 11 0
1 11 0
1 11 0
2 30 5
1 8 0
2 4 0
1 8 0
1 8 0
1 8 0
2 16 5
2 15 0
1 21 0
1 21 0
1 21 0
1 21 0
2 23 5
2 9 0
1 10 0
1 10 0
1 10 0
1 10 0
2 43 5
1 14 0
2 12 0
1 14 0
1 14 0
1 14 0
2 39 5
2 9 0
1 11 0
1 11 0
1 11 0
1 11 0
2 28 5
2 10 0
1 12 0
1 12 0
1 12 0
1 12 0
2 42 5
1 29 0
2 26 0
1 29 0
1 29 0
1 29 0
2 0 5
1 19 0
2 13 0
1 19 0
1 19 0
1 19 0
2 36 5
1 37 0
2 21 0
1 37 0
1 37 0
1 37 0
0 26 0
0 29 0
0 21 0
0 50 0
0 13 0
0 27 0
0 10 0
1
2 40 3
67
2 3 0
1 6 0
1 6 0
2 6 3
1 10 0
2 9 0
1 10 0
2 3 3
1 5 0
2 3 0
1 5 0
2 35 3
1 8 0
2 4 0
1 8 0
2 1 3
2 19 0
1 21 0
1 21 0
2 27 3
2 21 0
1 22 0
1 22 0
2 39 3
2 9 0
1 12 0
1 12 0
2 14 3
2 8 0
1 9 0
1 9 0
2 36 3
1 28 0
2 26 0
1 28 0
2 10 3
2 20 0
1 21 0
1 21 0
2 50 3
1 25 0
2 24 0
1 25 0
2 2 3
2 31 0
1 33 0
1 33 0
2 17 3
2 20 0
1 21 0
1 21 0
2 41 3
2 24 0
1 29 0
1 29 0
2 33 3
1 28 0
2 24 0
1 28 0
2 42 3
2 18 0
1 29 0
1 29 0
0 35 0
0 49 0
0 26 0
0 44 0
1
2 34 22
73
2 9 0
1 13 0
1 13 0
1 13 0
1 13 0
1 13 0
1 13 0
1 13 0
1 13 0
1 13 0
1 13 0
1 13 0
1 13 0
1 13 0
1 13 0
1 13 0
1 13 0
1 13 0
1 13 0
1 13 0
1 13 0
1 13 0
2 35 22
2 9 0
1 14 0
1 14 0
1 14 0
1 14 0
1 14 0
1 14 0
1 14 0
1 14 0
1 14 0
1 14 0
1 14 0
1 14 0
1 14 0
1 14 0
1 14 0
1 14 0
1 14 0
1 14 0
1 14 0
1 14 0
1 14 0
2 18 22
2 11 0
1 12 0
1 12 0
1 12 0
1 12 0
1 12 0
1 12 0
1 12 0
1 12 0
1 12 0
1 12 0
1 12 0
1 12 0
1 12 0
1 12 0
1 12 0
1 12 0
1 12 0
1 12 0
1 12 0
1 12 0
1 12 0
0 36 0
0 28 0
0 28 0
0 45 0
0 21 0
1
2 25 38
79
2 14 0
1 21 0
1 21 0
1 21 0
1 21 0
1 21 0
1 21 0
1 21 0
1 21 0
1 21 0
1 21 0
1 21 0
1 21 0
1 21 0
1 21 0
1 21 0
1 21 0
1 21 0
1 21 0
1 21 0
1 21 0
1 21 0
1 21 0
1 21 0
1 21 0
1 21 0
1 21 0
1 21 0
1 21 0
1 21 0
1 21 0
1 21 0
1 21 0
1 21 0
1 21 0
1 21 0
1 21 0
1 21 0
2 47 38
1 22 0
2 16 0
1 22 0
1 22 0
1 22 0
1 22 0
1 22 0
1 22 0
1 22 0
1 22 0
1 22 0
1 22 0
1 22 0
1 22 0
1 22 0
1 22 0
1 22 0
1 22 0
1 22 0
1 22 0
1 22 0
1 22 0
1 22 0
1 22 0
1 22 0
1 22 0
1 22 0
1 22 0
1 22 0
1 22 0
1 22 0
1 22 0
1 22 0
1 22 0
1 22 0
1 22 0
1 22 0
1 22 0
0 20 0
0 32 0
1
2 43 50
79
1 22 0
2 20 0
1 22 0
1 22 0
1 22 0
1 22 0
1 22 0
1 22 0
1 22 0
1 22 0
1 22 0
1 22 0
1 22 0
1 22 0
1 22 0
1 22 0
1 22 0
1 22 0
1 22 0
1 22 0
1 22 0
1 22 0
1 22 0
1 22 0
1 22 0
1 22 0
1 22 0
1 22 0
1 22 0
1 22 0
1 22 0
1 22 0
1 22 0
1 22 0
1 22 0
1 22 0
1 22 0
1 22 0
1 22 0
1 22 0
1 22 0
1 22 0
1 22 0
1 22 0
1 22 0
1 22 0
1 22 0
1 22 0
1 22 0
1 22 0
1 22 0
1 22 0
1 22 0
1 22 0
1 22 0
1 22 0
1 22 0
1 22 0
1 22 0
1 22 0
1 22 0
1 22 0
1 22 0
1 22 0
1 22 0
1 22 0
1 22 0
1 22 0
1 22 0
1 22 0
1 22 0
1 22 0
1 22 0
1 22 0
1 22 0
1 22 0
1 22 0
0 26 0
0 11 0
1
2 8 32
68
1 23 0
2 14 0
1 23 0
1 23 0
1 23 0
1 23 0
1 23 0
1 23 0
1 23 0
1 23 0
1 23 0
1 23 0
1 23 0
1 23 0
1 23 0
1 23 0
1 23 0
1 23 0
1 23 0
1 23 0
1 23 0
1 23 0
1 23 0
1 23 0
1 23 0
1 23 0
1 23 0
1 23 0
1 23 0
1 23 0
1 23 0
1 23 0
2 33 32
2 18 0
1 22 0
1 22 0
1 22 0
1 22 0
1 22 0
1 22 0
1 22 0
1 22 0
1 22 0
1 22 0
1 22 0
1 22 0
1 22 0
1 22 0
1 22 0
1 22 0
1 22 0
1 22 0
1 22 0
1 22 0
1 22 0
1 22 0
1 22 0
1 22 0
1 22 0
1 22 0
1 22 0
1 22 0
1 22 0
1 22 0
1 22 0
0 21 0
0 29 0
0 24 0
1
2 17 7
74
1 27 0
2 14 0
1 27 0
1 27 0
1 27 0
1 27 0
1 27 0
2 42 7
1 22 0
2 17 0
1 22 0
1 22 0
1 22 0
1 22 0
1 22 0
2 41 7
1 7 0
2 4 0
1 7 0
1 7 0
1 7 0
1 7 0
1 7 0
2 44 7
1 10 0
2 9 0
1 10 0
1 10 0
1 10 0
1 10 0
1 10 0
2 48 7
1 22 0
2 19 0
1 22 0
1 22 0
1 22 0
1 22 0
1 22 0
2 7 7
1 33 0
2 25 0
1 33 0
1 33 0
1 33 0
1 33 0
1 33 0
2 7 7
2 15 0
1 22 0
1 22 0
1 22 0
1 22 0
1 22 0
1 22 0
2 49 7
1 12 0
2 8 0
1 12 0
1 12 0
1 12 0
1 12 0
1 12 0
0 46 0
0 23 0
0 43 0
0 15 0
0 28 0
0 20 0
0 14 0
0 18 0
0 16 0
0 33 0
0 35 0
1
2 17 11
78
1 19 0
2 18 0
1 19 0
1 19 0
1 19 0
1 19 0
1 19 0
1 19 0
1 19 0
1 19 0
1 19 0
2 36 11
1 9 0
2 5 0
1 9 0
1 9 0
1 9 0
1 9 0
1 9 0
1 9 0
1 9 0
1 9 0
1 9 0
2 39 11
2 15 0
1 25 0
1 25 0
1 25 0
1 25 0
1 25 0
1 25 0
1 25 0
1 25 0
1 25 0
1 25 0
2 31 11
2 19 0
1 26 0
1 26 0
1 26 0
1 26 0
1 26 0
1 26 0
1 26 0
1 26 0
1 26 0
1 26 0
2 1 11
2 14 0
1 20 0
1 20 0
1 20 0
1 20 0
1 20 0
1 20 0
1 20 0
1 20 0
1 20 0
1 20 0
2 27 11
2 9 0
1 12 0
1 12 0
1 12 0
1 12 0
1 12 0
1 12 0
1 12 0
1 12 0
1 12 0
1 12 0
0 13 0
0 30 0
0 26 0
0 41 0
0 26 0
0 14 0
0 16 0
1
2 20 7
77
1 8 0
2 7 0
1 8 0
1 8 0
1 8 0
1 8 0
1 8 0
2 22 7
1 3 0
2 2 0
1 3 0
1 3 0
1 3 0
1 3 0
1 3 0
2 30 7
2 10 0
1 11 0
1 11 0
1 11 0
1 11 0
1 11 0
1 11 0
2 44 7
2 5 0
1 6 0
1 6 0
1 6 0
1 6 0
1 6 0
1 6 0
2 50 7
1 23 0
2 16 0
1 23 0
1 23 0
1 23 0
1 23 0
1 23 0
2 48 7
1 10 0
2 8 0
1 10 0
1 10 0
1 10 0
1 10 0
1 10 0
2 1 7
2 16 0
1 19 0
1 19 0
1 19 0
1 19 0
1 19 0
1 19 0
2 33 7
1 19 0
2 16 0
1 19 0
1 19 0
1 19 0
1 19 0
1 19 0
2 40 7
2 12 0
1 18 0
1 18 0
1 18 0
1 18 0
1 18 0
1 18 0
0 39 0
0 39 0
0 37 0
0 19 0
0 50 0
0 21 0
1
1 50 50
79
1 50 0
1 50 0
1 50 0
1 50 0
1 50 0
1 50 0
1 50 0
1 50 0
1 50 0
1 50 0
1 50 0
1 50 0
1 50 0
1 50 0
1 50 0
1 50 0
1 50 0
1 50 0
1 50 0
1 50 0
1 50 0
1 50 0
1 50 0
1 50 0
1 50 0
1 50 0
1 50 0
1 50 0
1 50 0
1 50 0
1 50 0
1 50 0
1 50 0
1 50 0
1 50 0
1 50 0
1 50 0
1 50 0
1 50 0
1 50 0
1 50 0
1 50 0
1 50 0
1 50 0
1 50 0
1 50 0
1 50 0
1 50 0
1 50 0
1 50 0
1 50 0
1 50 0
1 50 0
1 50 0
1 50 0
1 50 0
1 50 0
1 50 0
1 50 0
1 50 0
1 50 0
1 50 0
1 50 0
1 50 0
1 50 0
1 50 0
1 50 0
1 50 0
1 50 0
1 50 0
1 50 0
1 50 0
1 50 0
1 50 0
1 50 0
1 50 0
1 50 0
1 50 0
1 50 0
1
2 27 4
74
2 19 0
1 22 0
1 22 0
1 22 0
2 8 4
2 21 0
1 41 0
1 41 0
1 41 0
2 39 4
2 5 0
1 6 0
1 6 0
1 6 0
2 20 4
2 20 0
1 21 0
1 21 0
1 21 0
2 21 4
2 24 0
1 25 0
1 25 0
1 25 0
2 25 4
2 8 0
1 9 0
1 9 0
1 9 0
2 28 4
2 7 0
1 8 0
1 8 0
1 8 0
2 24 4
1 24 0
2 20 0
1 24 0
1 24 0
2 37 4
1 18 0
2 15 0
1 18 0
1 18 0
2 31 4
2 15 0
1 17 0
1 17 0
1 17 0
2 25 4
2 26 0
1 33 0
1 33 0
1 33 0
2 46 4
1 29 0
2 27 0
1 29 0
1 29 0
2 33 4
2 21 0
1 22 0
1 22 0
1 22 0
0 31 0
0 31 0
0 15 0
0 27 0
0 11 0
0 37 0
0 33 0
0 15 0
0 35 0
0 49 0
1
2 11 9
77
2 20 0
1 21 0
1 21 0
1 21 0
1 21 0
1 21 0
1 21 0
1 21 0
1 21 0
2 2 9
2 12 0
1 18 0
1 18 0
1 18 0
1 18 0
1 18 0
1 18 0
1 18 0
1 18 0
2 38 9
1 15 0
2 13 0
1 15 0
1 15 0
1 15 0
1 15 0
1 15 0
1 15 0
1 15 0
2 27 9
1 29 0
2 21 0
1 29 0
1 29 0
1 29 0
1 29 0
1 29 0
1 29 0
1 29 0
2 38 9
2 6 0
1 10 0
1 10 0
1 10 0
1 10 0
1 10 0
1 10 0
1 10 0
1 10 0
2 34 9
1 13 0
2 10 0
1 13 0
1 13 0
1 13 0
1 13 0
1 13 0
1 13 0
1 13 0
2 0 9
1 30 0
2 22 0
1 30 0
1 30 0
1 30 0
1 30 0
1 30 0
1 30 0
1 30 0
0 35 0
0 18 0
0 30 0
0 33 0
0 19 0
0 16 0
0 30 0
0 23 0
1
2 42 34
74
2 14 0
1 20 0
1 20 0
1 20 0
1 20 0
1 20 0
1 20 0
1 20 0
1 20 0
1 20 0
1 20 0
1 20 0
1 20 0
1 20 0
1 20 0
1 20 0
1 20 0
1 20 0
1 20 0
1 20 0
1 20 0
1 20 0
1 20 0
1 20 0
1 20 0
1 20 0
1 20 0
1 20 0
1 20 0
1 20 0
1 20 0
1 20 0
1 20 0
1 20 0
2 43 34
1 23 0
2 16 0
1 23 0
1 23 0
1 23 0
1 23 0
1 23 0
1 23 0
1 23 0
1 23 0
1 23 0
1 23 0
1 23 0
1 23 0
1 23 0
1 23 0
1 23 0
1 23 0
1 23 0
1 23 0
1 23 0
1 23 0
1 23 0
1 23 0
1 23 0
1 23 0
1 23 0
1 23 0
1 23 0
1 23 0
1 23 0
1 23 0
1 23 0
1 23 0
0 19 0
0 45 0
0 40 0
0 42 0
0 30 0
1
2 41 50
79
1 7 0
2 4 0
1 7 0
1 7 0
1 7 0
1 7 0
1 7 0
1 7 0
1 7 0
1 7 0
1 7 0
1 7 0
1 7 0
1 7 0
1 7 0
1 7 0
1 7 0
1 7 0
1 7 0
1 7 0
1 7 0
1 7 0
1 7 0
1 7 0
1 7 0
1 7 0
1 7 0
1 7 0
1 7 0
1 7 0
1 7 0
1 7 0
1 7 0
1 7 0
1 7 0
1 7 0
1 7 0
1 7 0
1 7 0
1 7 0
1 7 0
1 7 0
1 7 0
1 7 0
1 7 0
1 7 0
1 7 0
1 7 0
1 7 0
1 7 0
1 7 0
1 7 0
1 7 0
1 7 0
1 7 0
1 7 0
1 7 0
1 7 0
1 7 0
1 7 0
1 7 0
1 7 0
1 7 0
1 7 0
0 19 0
0 31 0
0 11 0
0 13 0
0 18 0
0 10 0
0 25 0
0 32 0
0 46 0
0 15 0
0 23 0
0 44 0
0 35 0
0 16 0
0 38 0
1
2 17 11
76
2 1 0
1 2 0
1 2 0
1 2 0
1 2 0
1 2 0
1 2 0
1 2 0
1 2 0
1 2 0
1 2 0
2 48 11
2 17 0
1 25 0
1 25 0
1 25 0
1 25 0
1 25 0
1 25 0
1 25 0
1 25 0
1 25 0
1 25 0
2 15 11
2 20 0
1 26 0
1 26 0
1 26 0
1 26 0
1 26 0
1 26 0
1 26 0
1 26 0
1 26 0
1 26 0
2 17 11
2 12 0
1 21 0
1 21 0
1 21 0
1 21 0
1 21 0
1 21 0
1 21 0
1 21 0
1 21 0
1 21 0
2 0 11
1 24 0
2 23 0
1 24 0
1 24 0
1 24 0
1 24 0
1 24 0
1 24 0
1 24 0
1 24 0
1 24 0
2 5 11
2 17 0
1 23 0
1 23 0
1 23 0
1 23 0
1 23 0
1 23 0
1 23 0
1 23 0
1 23 0
1 23 0
0 38 0
0 23 0
0 38 0
0 49 0
0 41 0
1
2 13 14
76
2 7 0
1 8 0
1 8 0
1 8 0
1 8 0
1 8 0
1 8 0
1 8 0
1 8 0
1 8 0
1 8 0
1 8 0
1 8 0
1 8 0
2 14 14
2 3 0
1 5 0
1 5 0
1 5 0
1 5 0
1 5 0
1 5 0
1 5 0
1 5 0
1 5 0
1 5 0
1 5 0
1 5 0
1 5 0
2 23 14
1 24 0
2 16 0
1 24 0
1 24 0
1 24 0
1 24 0
1 24 0
1 24 0
1 24 0
1 24 0
1 24 0
1 24 0
1 24 0
1 24 0
2 27 14
2 16 0
1 23 0
1 23 0
1 23 0
1 23 0
1 23 0
1 23 0
1 23 0
1 23 0
1 23 0
1 23 0
1 23 0
1 23 0
1 23 0
2 40 14
2 15 0
1 20 0
1 20 0
1 20 0
1 20 0
1 20 0
1 20 0
1 20 0
1 20 0
1 20 0
1 20 0
1 20 0
1 20 0
1 20 0
0 15 0
0 40 0
1
2 43 6
73
2 18 0
1 33 0
1 33 0
1 33 0
1 33 0
1 33 0
2 25 6
1 22 0
2 21 0
1 22 0
1 22 0
1 22 0
1 22 0
2 7 6
1 19 0
2 16 0
1 19 0
1 19 0
1 19 0
1 19 0
2 14 6
2 6 0
1 8 0
1 8 0
1 8 0
1 8 0
1 8 0
2 24 6
2 5 0
1 6 0
1 6 0
1 6 0
1 6 0
1 6 0
2 13 6
2 18 0
1 29 0
1 29 0
1 29 0
1 29 0
1 29 0
2 16 6
2 13 0
1 14 0
1 14 0
1 14 0
1 14 0
1 14 0
2 17 6
1 33 0
2 27 0
1 33 0
1 33 0
1 33 0
1 33 0
2 38 6
2 21 0
1 25 0
1 25 0
1 25 0
1 25 0
1 25 0
2 44 6
2 15 0
1 21 0
1 21 0
1 21 0
1 21 0
1 21 0
0 23 0
0 35 0
0 28 0
0 38 0
5
0 11 0
0 8 0
1 47 0
2 0 0
2 43 3
75
1 26 1
0 34 0
1 12 0
0 12 0
0 6 0
1 44 0
0 4 2
2 26 2
2 15 1
2 37 7
1 5 0
1 27 0
2 41 2
2 50 2
1 17 1
2 0 3
1 0 0
2 8 1
1 36 0
2 9 2
2 43 1
1 19 0
2 39 0
0 25 6
1 26 0
2 13 23
1 38 0
2 37 0
1 34 0
1 3 0
2 32 11
0 15 6
0 43 0
2 36 2
2 5 19
0 18 4
0 6 0
0 24 0
1 23 1
1 45 0
0 22 2
0 45 3
1 3 0
0 21 0
0 42 0
2 43 1
1 42 0
1 34 0
2 15 4
2 25 14
0 6 0
0 11 1
1 29 1
2 28 1
1 46 7
1 37 2
0 9 0
1 16 0
1 40 0
2 0 0
0 11 5
2 7 0
1 3 0
2 1 1
1 33 0
1 47 0
1 48 0
2 31 0
2 10 0
2 46 0
0 2 0
1 39 0
2 24 0
0 38 0
2 33 0
1
2 6 37
78
2 17 0
1 21 0
1 21 0
1 21 0
1 21 0
1 21 0
1 21 0
1 21 0
1 21 0
1 21 0
1 21 0
1 21 0
1 21 0
1 21 0
1 21 0
1 21 0
1 21 0
1 21 0
1 21 0
1 21 0
1 21 0
1 21 0
1 21 0
1 21 0
1 21 0
1 21 0
1 21 0
1 21 0
1 21 0
1 21 0
1 21 0
1 21 0
1 21 0
1 21 0
1 21 0
1 21 0
1 21 0
2 37 37
2 20 0
1 33 0
1 33 0
1 33 0
1 33 0
1 33 0
1 33 0
1 33 0
1 33 0
1 33 0
1 33 0
1 33 0
1 33 0
1 33 0
1 33 0
1 33 0
1 33 0
1 33 0
1 33 0
1 33 0
1 33 0
1 33 0
1 33 0
1 33 0
1 33 0
1 33 0
1 33 0
1 33 0
1 33 0
1 33 0
1 33 0
1 33 0
1 33 0
1 33 0
1 33 0
1 33 0
1 33 0
0 15 0
0 34 0
0 23 0
1
2 33 37
79
2 20 0
1 28 0
1 28 0
1 28 0
1 28 0
1 28 0
1 28 0
1 28 0
1 28 0
1 28 0
1 28 0
1 28 0
1 28 0
1 28 0
1 28 0
1 28 0
1 28 0
1 28 0
1 28 0
1 28 0
1 28 0
1 28 0
1 28 0
1 28 0
1 28 0
1 28 0
1 28 0
1 28 0
1 28 0
1 28 0
1 28 0
1 28 0
1 28 0
1 28 0
1 28 0
1 28 0
1 28 0
2 9 37
1 21 0
2 13 0
1 21 0
1 21 0
1 21 0
1 21 0
1 21 0
1 21 0
1 21 0
1 21 0
1 21 0
1 21 0
1 21 0
1 21 0
1 21 0
1 21 0
1 21 0
1 21 0
1 21 0
1 21 0
1 21 0
1 21 0
1 21 0
1 21 0
1 21 0
1 21 0
1 21 0
1 21 0
1 21 0
1 21 0
1 21 0
1 21 0
1 21 0
1 21 0
1 21 0
1 21 0
1 21 0
0 25 0
0 46 0
0 26 0
0 17 0
1
2 21 34
73
1 19 0
2 15 0
1 19 0
1 19 0
1 19 0
1 19 0
1 19 0
1 19 0
1 19 0
1 19 0
1 19 0
1 19 0
1 19 0
1 19 0
1 19 0
1 19 0
1 19 0
1 19 0
1 19 0
1 19 0
1 19 0
1 19 0
1 19 0
1 19 0
1 19 0
1 19 0
1 19 0
1 19 0
1 19 0
1 19 0
1 19 0
1 19 0
1 19 0
1 19 0
2 49 34
2 19 0
1 21 0
1 21 0
1 21 0
1 21 0
1 21 0
1 21 0
1 21 0
1 21 0
1 21 0
1 21 0
1 21 0
1 21 0
1 21 0
1 21 0
1 21 0
1 21 0
1 21 0
1 21 0
1 21 0
1 21 0
1 21 0
1 21 0
1 21 0
1 21 0
1 21 0
1 21 0
1 21 0
1 21 0
1 21 0
1 21 0
1 21 0
1 21 0
1 21 0
0 18 0
0 29 0
0 27 0
0 49 0
43
1 8 0
0 30 0
2 23 1
1 9 0
0 47 0
2 29 2
2 32 1
1 6 0
1 36 0
1 36 0
0 38 0
1 4 1
2 5 2
0 6 0
2 21 0
0 44 0
2 35 1
0 25 2
1 50 1
1 29 0
2 8 0
1 27 0
1 2 0
0 34 0
1 43 0
0 46 0
1 19 1
0 11 0
2 13 0
1 8 0
2 19 0
1 16 0
2 40 0
2 34 0
0 50 0
0 16 3
1 0 1
2 42 0
2 15 0
0 3 0
1 39 0
0 1 0
0 3 0
37
0 24 0
1 15 0
0 23 0
0 48 0
0 0 0
1 32 1
1 50 0
1 50 0
2 14 0
1 21 0
0 32 0
2 42 0
2 14 0
1 46 1
2 16 0
0 13 0
2 0 0
2 23 0
2 6 0
2 18 1
1 20 0
1 47 1
2 17 0
0 17 0
1 37 0
1 41 0
0 40 0
2 9 0
1 4 0
0 36 0
2 41 0
2 7 0
2 33 0
2 50 2
1 7 0
1 23 0
0 30 0
15
2 50 50
2 50 50
2 50 50
0 50 50
1 50 50
1 50 50
1 50 50
2 50 50
2 50 50
0 50 50
1 50 50
1 50 50
0 50 50
2 50 50
0 50 50
65
0 50 0
2 50 0
1 50 0
1 50 0
1 50 0
1 50 0
2 50 0
1 50 0
0 50 0
2 50 0
1 50 0
1 50 0
1 50 0
0 50 0
0 50 0
1 50 0
0 50 0
0 50 0
0 50 0
1 50 0
1 50 0
1 50 0
1 50 0
2 50 0
2 50 0
2 50 0
2 50 0
2 50 0
2 50 0
2 50 0
1 50 0
2 50 0
2 50 0
0 50 0
1 50 0
0 50 0
0 50 0
1 50 0
1 50 0
1 50 0
1 50 0
2 50 0
2 50 0
1 50 0
2 50 0
1 50 0
2 50 0
2 50 0
1 50 0
1 50 0
2 50 0
1 50 0
2 50 0
2 50 0
1 50 0
2 50 0
0 50 0
1 50 0
0 50 0
0 50 0
1 50 0
1 50 0
2 50 0
0 50 0
0 50 0
37
1 25 0
1 47 0
0 21 0
1 28 0
1 9 1
0 19 0
0 42 0
2 10 0
0 24 0
1 2 2
0 40 0
1 20 0
1 30 0
0 28 0
0 32 0
0 30 0
0 29 0
1 29 0
1 17 0
2 44 0
0 10 0
1 22 0
1 0 1
0 2 0
2 32 0
1 22 0
1 9 1
1 44 0
0 48 1
1 5 0
0 36 0
1 35 3
2 21 0
0 0 0
2 49 0
0 33 0
0 2 0
43
1 46 0
2 29 0
1 34 0
2 39 0
0 26 0
0 35 1
1 28 0
2 17 1
2 16 0
2 27 0
1 0 0
2 18 1
2 14 0
1 24 0
0 43 0
2 22 0
2 9 0
2 45 0
2 43 0
0 26 0
0 9 0
1 32 0
2 11 0
2 39 0
2 37 0
2 44 1
2 8 0
0 40 0
0 17 0
0 26 0
0 29 0
2 32 0
2 36 0
0 24 0
2 19 0
2 44 1
1 32 0
2 35 3
0 4 0
0 47 0
2 45 0
0 45 0
1 42 0
1
2 29 32
69
1 26 0
2 13 0
1 26 0
1 26 0
1 26 0
1 26 0
1 26 0
1 26 0
1 26 0
1 26 0
1 26 0
1 26 0
1 26 0
1 26 0
1 26 0
1 26 0
1 26 0
1 26 0
1 26 0
1 26 0
1 26 0
1 26 0
1 26 0
1 26 0
1 26 0
1 26 0
1 26 0
1 26 0
1 26 0
1 26 0
1 26 0
1 26 0
2 40 32
2 18 0
1 23 0
1 23 0
1 23 0
1 23 0
1 23 0
1 23 0
1 23 0
1 23 0
1 23 0
1 23 0
1 23 0
1 23 0
1 23 0
1 23 0
1 23 0
1 23 0
1 23 0
1 23 0
1 23 0
1 23 0
1 23 0
1 23 0
1 23 0
1 23 0
1 23 0
1 23 0
1 23 0
1 23 0
1 23 0
1 23 0
1 23 0
0 21 0
0 28 0
0 18 0
0 10 0
1
2 34 8
78
2 3 0
1 5 0
1 5 0
1 5 0
1 5 0
1 5 0
1 5 0
1 5 0
2 30 8
1 15 0
2 14 0
1 15 0
1 15 0
1 15 0
1 15 0
1 15 0
1 15 0
2 5 8
1 24 0
2 20 0
1 24 0
1 24 0
1 24 0
1 24 0
1 24 0
1 24 0
2 46 8
1 28 0
2 22 0
1 28 0
1 28 0
1 28 0
1 28 0
1 28 0
1 28 0
2 43 8
2 24 0
1 29 0
1 29 0
1 29 0
1 29 0
1 29 0
1 29 0
1 29 0
2 35 8
1 9 0
2 6 0
1 9 0
1 9 0
1 9 0
1 9 0
1 9 0
1 9 0
2 30 8
1 14 0
2 12 0
1 14 0
1 14 0
1 14 0
1 14 0
1 14 0
1 14 0
2 2 8
1 30 0
2 25 0
1 30 0
1 30 0
1 30 0
1 30 0
1 30 0
1 30 0
0 30 0
0 50 0
0 40 0
0 31 0
0 23 0
0 27 0
0 17 0
1
2 48 5
72
2 9 0
1 10 0
1 10 0
1 10 0
1 10 0
2 17 5
1 11 0
2 7 0
1 11 0
1 11 0
1 11 0
2 39 5
1 16 0
2 14 0
1 16 0
1 16 0
1 16 0
2 47 5
2 21 0
1 28 0
1 28 0
1 28 0
1 28 0
2 44 5
2 12 0
1 13 0
1 13 0
1 13 0
1 13 0
2 35 5
2 24 0
1 28 0
1 28 0
1 28 0
1 28 0
2 18 5
2 25 0
1 27 0
1 27 0
1 27 0
1 27 0
2 31 5
1 22 0
2 19 0
1 22 0
1 22 0
1 22 0
2 1 5
2 19 0
1 27 0
1 27 0
1 27 0
1 27 0
2 45 5
2 16 0
1 18 0
1 18 0
1 18 0
1 18 0
2 18 5
2 28 0
1 38 0
1 38 0
1 38 0
1 38 0
0 14 0
0 15 0
0 38 0
0 35 0
0 11 0
0 13 0
0 32 0
1
2 18 3
69
2 2 0
1 3 0
1 3 0
2 47 3
1 15 0
2 12 0
1 15 0
2 23 3
1 4 0
2 3 0
1 4 0
2 39 3
2 9 0
1 11 0
1 11 0
2 34 3
1 24 0
2 15 0
1 24 0
2 14 3
2 25 0
1 30 0
1 30 0
2 11 3
1 18 0
2 10 0
1 18 0
2 9 3
1 18 0
2 15 0
1 18 0
2 49 3
1 14 0
2 13 0
1 14 0
2 41 3
1 12 0
2 10 0
1 12 0
2 25 3
2 11 0
1 12 0
1 12 0
2 36 3
1 42 0
2 30 0
1 42 0
2 8 3
2 31 0
1 33 0
1 33 0
2 37 3
2 22 0
1 25 0
1 25 0
2 7 3
2 22 0
1 25 0
1 25 0
2 19 3
1 35 0
2 33 0
1 35 0
0 28 0
0 17 0
0 39 0
0 23 0
0 48 0
0 18 0
1
2 3 11
75
1 7 0
2 6 0
1 7 0
1 7 0
1 7 0
1 7 0
1 7 0
1 7 0
1 7 0
1 7 0
1 7 0
2 14 11
2 2 0
1 3 0
1 3 0
1 3 0
1 3 0
1 3 0
1 3 0
1 3 0
1 3 0
1 3 0
1 3 0
2 30 11
2 22 0
1 25 0
1 25 0
1 25 0
1 25 0
1 25 0
1 25 0
1 25 0
1 25 0
1 25 0
1 25 0
2 39 11
1 33 0
2 20 0
1 33 0
1 33 0
1 33 0
1 33 0
1 33 0
1 33 0
1 33 0
1 33 0
1 33 0
2 6 11
1 20 0
2 14 0
1 20 0
1 20 0
1 20 0
1 20 0
1 20 0
1 20 0
1 20 0
1 20 0
1 20 0
2 38 11
1 19 0
2 11 0
1 19 0
1 19 0
1 19 0
1 19 0
1 19 0
1 19 0
1 19 0
1 19 0
1 19 0
0 19 0
0 48 0
0 48 0
0 39 0
20
1 50 50
2 50 50
0 50 50
0 50 50
0 50 50
2 50 50
1 50 50
2 50 50
0 50 50
1 50 50
0 50 50
2 50 50
0 50 50
2 50 50
2 50 50
2 50 50
1 50 50
2 50 50
0 50 50
1 50 50
60
1 50 0
0 50 0
2 50 0
0 50 0
0 50 0
2 50 0
1 50 0
2 50 0
1 50 0
1 50 0
2 50 0
0 50 0
0 50 0
0 50 0
1 50 0
0 50 0
0 50 0
0 50 0
0 50 0
2 50 0
1 50 0
0 50 0
1 50 0
1 50 0
2 50 0
2 50 0
0 50 0
2 50 0
2 50 0
2 50 0
1 50 0
1 50 0
1 50 0
2 50 0
2 50 0
0 50 0
1 50 0
2 50 0
1 50 0
2 50 0
2 50 0
1 50 0
2 50 0
1 50 0
2 50 0
1 50 0
1 50 0
2 50 0
2 50 0
1 50 0
0 50 0
1 50 0
0 50 0
0 50 0
1 50 0
1 50 0
0 50 0
2 50 0
2 50 0
0 50 0
1
2 13 50
79
1 12 0
2 7 0
1 12 0
1 12 0
1 12 0
1 12 0
1 12 0
1 12 0
1 12 0
1 12 0
1 12 0
1 12 0
1 12 0
1 12 0
1 12 0
1 12 0
1 12 0
1 12 0
1 12 0
1 12 0
1 12 0
1 12 0
1 12 0
1 12 0
1 12 0
1 12 0
1 12 0
1 12 0
1 12 0
1 12 0
1 12 0
1 12 0
1 12 0
1 12 0
1 12 0
1 12 0
1 12 0
1 12 0
1 12 0
1 12 0
1 12 0
1 12 0
1 12 0
1 12 0
1 12 0
1 12 0
1 12 0
1 12 0
1 12 0
1 12 0
1 12 0
1 12 0
1 12 0
1 12 0
1 12 0
1 12 0
1 12 0
1 12 0
1 12 0
1 12 0
1 12 0
1 12 0
1 12 0
1 12 0
1 12 0
1 12 0
1 12 0
1 12 0
1 12 0
0 20 0
0 33 0
0 11 0
0 18 0
0 18 0
0 22 0
0 42 0
0 20 0
0 24 0
0 15 0
1
2 45 36
79
2 8 0
1 14 0
1 14 0
1 14 0
1 14 0
1 14 0
1 14 0
1 14 0
1 14 0
1 14 0
1 14 0
1 14 0
1 14 0
1 14 0
1 14 0
1 14 0
1 14 0
1 14 0
1 14 0
1 14 0
1 14 0
1 14 0
1 14 0
1 14 0
1 14 0
1 14 0
1 14 0
1 14 0
1 14 0
1 14 0
1 14 0
1 14 0
1 14 0
1 14 0
1 14 0
1 14 0
2 12 36
2 13 0
1 16 0
1 16 0
1 16 0
1 16 0
1 16 0
1 16 0
1 16 0
1 16 0
1 16 0
1 16 0
1 16 0
1 16 0
1 16 0
1 16 0
1 16 0
1 16 0
1 16 0
1 16 0
1 16 0
1 16 0
1 16 0
1 16 0
1 16 0
1 16 0
1 16 0
1 16 0
1 16 0
1 16 0
1 16 0
1 16 0
1 16 0
1 16 0
1 16 0
1 16 0
1 16 0
0 14 0
0 45 0
0 18 0
0 15 0
0 40 0
0 14 0
1
2 49 4
76
2 3 0
1 5 0
1 5 0
1 5 0
2 44 4
1 31 0
2 20 0
1 31 0
1 31 0
2 10 4
1 8 0
2 7 0
1 8 0
1 8 0
2 46 4
1 38 0
2 23 0
1 38 0
1 38 0
2 10 4
1 24 0
2 15 0
1 24 0
1 24 0
2 5 4
2 7 0
1 9 0
1 9 0
1 9 0
2 25 4
1 22 0
2 21 0
1 22 0
1 22 0
2 2 4
2 9 0
1 14 0
1 14 0
1 14 0
2 49 4
2 10 0
1 12 0
1 12 0
1 12 0
2 35 4
1 27 0
2 21 0
1 27 0
1 27 0
2 10 4
1 32 0
2 30 0
1 32 0
1 32 0
2 13 4
2 26 0
1 31 0
1 31 0
1 31 0
2 8 4
2 13 0
1 14 0
1 14 0
1 14 0
2 32 4
1 31 0
2 29 0
1 31 0
1 31 0
2 48 4
2 16 0
1 21 0
1 21 0
1 21 0
0 10 0
0 40 0
1
0 50 50
79
0 50 0
0 50 0
0 50 0
0 50 0
0 50 0
0 50 0
0 50 0
0 50 0
0 50 0
0 50 0
0 50 0
0 50 0
0 50 0
0 50 0
0 50 0
0 50 0
0 50 0
0 50 0
0 50 0
0 50 0
0 50 0
0 50 0
0 50 0
0 50 0
0 50 0
0 50 0
0 50 0
0 50 0
0 50 0
0 50 0
0 50 0
0 50 0
0 50 0
0 50 0
0 50 0
0 50 0
0 50 0
0 50 0
0 50 0
0 50 0
0 50 0
0 50 0
0 50 0
0 50 0
0 50 0
0 50 0
0 50 0
0 50 0
0 50 0
0 50 0
0 50 0
0 50 0
0 50 0
0 50 0
0 50 0
0 50 0
0 50 0
0 50 0
0 50 0
0 50 0
0 50 0
0 50 0
0 50 0
0 50 0
0 50 0
0 50 0
0 50 0
0 50 0
0 50 0
0 50 0
0 50 0
0 50 0
0 50 0
0 50 0
0 50 0
0 50 0
0 50 0
0 50 0
0 50 0
1
2 31 16
72
2 2 0
1 3 0
1 3 0
1 3 0
1 3 0
1 3 0
1 3 0
1 3 0
1 3 0
1 3 0
1 3 0
1 3 0
1 3 0
1 3 0
1 3 0
1 3 0
2 32 16
2 7 0
1 12 0
1 12 0
1 12 0
1 12 0
1 12 0
1 12 0
1 12 0
1 12 0
1 12 0
1 12 0
1 12 0
1 12 0
1 12 0
1 12 0
1 12 0
2 15 16
2 10 0
1 11 0
1 11 0
1 11 0
1 11 0
1 11 0
1 11 0
1 11 0
1 11 0
1 11 0
1 11 0
1 11 0
1 11 0
1 11 0
1 11 0
1 11 0
2 44 16
1 11 0
2 6 0
1 11 0
1 11 0
1 11 0
1 11 0
1 11 0
1 11 0
1 11 0
1 11 0
1 11 0
1 11 0
1 11 0
1 11 0
1 11 0
1 11 0
0 14 0
0 50 0
0 31 0
0 11 0
0 24 0
1
2 48 22
78
2 18 0
1 21 0
1 21 0
1 21 0
1 21 0
1 21 0
1 21 0
1 21 0
1 21 0
1 21 0
1 21 0
1 21 0
1 21 0
1 21 0
1 21 0
1 21 0
1 21 0
1 21 0
1 21 0
1 21 0
1 21 0
1 21 0
2 39 22
1 23 0
2 16 0
1 23 0
1 23 0
1 23 0
1 23 0
1 23 0
1 23 0
1 23 0
1 23 0
1 23 0
1 23 0
1 23 0
1 23 0
1 23 0
1 23 0
1 23 0
1 23 0
1 23 0
1 23 0
1 23 0
1 23 0
2 31 22
2 22 0
1 23 0
1 23 0
1 23 0
1 23 0
1 23 0
1 23 0
1 23 0
1 23 0
1 23 0
1 23 0
1 23 0
1 23 0
1 23 0
1 23 0
1 23 0
1 23 0
1 23 0
1 23 0
1 23 0
1 23 0
1 23 0
0 19 0
0 50 0
0 17 0
0 39 0
0 34 0
0 49 0
0 12 0
0 38 0
0 32 0
0 19 0
1
2 40 7
79
1 6 0
2 4 0
1 6 0
1 6 0
1 6 0
1 6 0
1 6 0
2 31 7
1 6 0
2 5 0
1 6 0
1 6 0
1 6 0
1 6 0
1 6 0
2 16 7
1 5 0
2 4 0
1 5 0
1 5 0
1 5 0
1 5 0
1 5 0
2 42 7
2 22 0
1 27 0
1 27 0
1 27 0
1 27 0
1 27 0
1 27 0
2 45 7
2 18 0
1 22 0
1 22 0
1 22 0
1 22 0
1 22 0
1 22 0
2 28 7
1 30 0
2 25 0
1 30 0
1 30 0
1 30 0
1 30 0
1 30 0
2 27 7
1 14 0
2 11 0
1 14 0
1 14 0
1 14 0
1 14 0
1 14 0
2 48 7
2 13 0
1 15 0
1 15 0
1 15 0
1 15 0
1 15 0
1 15 0
2 35 7
1 26 0
2 25 0
1 26 0
1 26 0
1 26 0
1 26 0
1 26 0
0 25 0
0 29 0
0 46 0
0 30 0
0 25 0
0 26 0
0 15 0
0 49 0
1
2 19 6
73
2 18 0
1 27 0
1 27 0
1 27 0
1 27 0
1 27 0
2 31 6
1 19 0
2 15 0
1 19 0
1 19 0
1 19 0
1 19 0
2 13 6
1 23 0
2 20 0
1 23 0
1 23 0
1 23 0
1 23 0
2 13 6
2 19 0
1 26 0
1 26 0
1 26 0
1 26 0
1 26 0
2 32 6
1 40 0
2 24 0
1 40 0
1 40 0
1 40 0
1 40 0
2 2 6
2 8 0
1 11 0
1 11 0
1 11 0
1 11 0
1 11 0
2 18 6
1 17 0
2 11 0
1 17 0
1 17 0
1 17 0
1 17 0
2 30 6
2 11 0
1 15 0
1 15 0
1 15 0
1 15 0
1 15 0
2 1 6
2 20 0
1 22 0
1 22 0
1 22 0
1 22 0
1 22 0
0 38 0
0 15 0
0 35 0
0 24 0
0 39 0
0 37 0
0 30 0
0 18 0
0 44 0
0 42 0
0 42 0
1
2 9 23
79
1 11 0
2 7 0
1 11 0
1 11 0
1 11 0
1 11 0
1 11 0
1 11 0
1 11 0
1 11 0
1 11 0
1 11 0
1 11 0
1 11 0
1 11 0
1 11 0
1 11 0
1 11 0
1 11 0
1 11 0
1 11 0
1 11 0
1 11 0
2 9 23
1 10 0
2 8 0
1 10 0
1 10 0
1 10 0
1 10 0
1 10 0
1 10 0
1 10 0
1 10 0
1 10 0
1 10 0
1 10 0
1 10 0
1 10 0
1 10 0
1 10 0
1 10 0
1 10 0
1 10 0
1 10 0
1 10 0
1 10 0
2 50 23
1 8 0
2 6 0
1 8 0
1 8 0
1 8 0
1 8 0
1 8 0
1 8 0
1 8 0
1 8 0
1 8 0
1 8 0
1 8 0
1 8 0
1 8 0
1 8 0
1 8 0
1 8 0
1 8 0
1 8 0
1 8 0
1 8 0
1 8 0
0 37 0
0 34 0
0 18 0
0 20 0
0 50 0
0 37 0
0 28 0
0 27 0
1
2 46 50
79
2 13 0
1 16 0
1 16 0
1 16 0
1 16 0
1 16 0
1 16 0
1 16 0
1 16 0
1 16 0
1 16 0
1 16 0
1 16 0
1 16 0
1 16 0
1 16 0
1 16 0
1 16 0
1 16 0
1 16 0
1 16 0
1 16 0
1 16 0
1 16 0
1 16 0
1 16 0
1 16 0
1 16 0
1 16 0
1 16 0
1 16 0
1 16 0
1 16 0
1 16 0
1 16 0
1 16 0
1 16 0
1 16 0
1 16 0
1 16 0
1 16 0
1 16 0
1 16 0
1 16 0
1 16 0
1 16 0
1 16 0
1 16 0
1 16 0
1 16 0
1 16 0
1 16 0
1 16 0
1 16 0
1 16 0
1 16 0
1 16 0
1 16 0
1 16 0
1 16 0
1 16 0
1 16 0
1 16 0
1 16 0
1 16 0
1 16 0
1 16 0
1 16 0
1 16 0
1 16 0
1 16 0
1 16 0
1 16 0
1 16 0
1 16 0
1 16 0
0 27 0
0 10 0
0 50 0
1
2 4 24
76
1 4 0
2 3 0
1 4 0
1 4 0
1 4 0
1 4 0
1 4 0
1 4 0
1 4 0
1 4 0
1 4 0
1 4 0
1 4 0
1 4 0
1 4 0
1 4 0
1 4 0
1 4 0
1 4 0
1 4 0
1 4 0
1 4 0
1 4 0
1 4 0
2 8 24
1 17 0
2 12 0
1 17 0
1 17 0
1 17 0
1 17 0
1 17 0
1 17 0
1 17 0
1 17 0
1 17 0
1 17 0
1 17 0
1 17 0
1 17 0
1 17 0
1 17 0
1 17 0
1 17 0
1 17 0
1 17 0
1 17 0
1 17 0
1 17 0
2 18 24
1 22 0
2 21 0
1 22 0
1 22 0
1 22 0
1 22 0
1 22 0
1 22 0
1 22 0
1 22 0
1 22 0
1 22 0
1 22 0
1 22 0
1 22 0
1 22 0
1 22 0
1 22 0
1 22 0
1 22 0
1 22 0
1 22 0
1 22 0
1 22 0
0 14 0
0 28 0
1
2 44 4
76
1 19 0
2 17 0
1 19 0
1 19 0
2 33 4
1 12 0
2 8 0
1 12 0
1 12 0
2 30 4
2 4 0
1 6 0
1 6 0
1 6 0
2 9 4
1 8 0
2 6 0
1 8 0
1 8 0
2 13 4
2 5 0
1 6 0
1 6 0
1 6 0
2 34 4
2 10 0
1 19 0
1 19 0
1 19 0
2 28 4
2 11 0
1 14 0
1 14 0
1 14 0
2 1 4
2 21 0
1 22 0
1 22 0
1 22 0
2 30 4
1 22 0
2 14 0
1 22 0
1 22 0
2 11 4
1 22 0
2 11 0
1 22 0
1 22 0
2 12 4
1 15 0
2 11 0
1 15 0
1 15 0
2 37 4
1 21 0
2 20 0
1 21 0
1 21 0
2 27 4
1 23 0
2 14 0
1 23 0
1 23 0
2 21 4
2 20 0
1 31 0
1 31 0
1 31 0
0 47 0
0 40 0
0 27 0
0 26 0
0 19 0
0 47 0
0 33 0
41
1 27 0
0 14 0
1 17 6
0 30 2
0 22 1
0 14 0
2 31 0
0 48 0
0 17 0
1 30 0
1 50 0
2 6 0
2 32 0
0 30 1
0 13 0
0 6 0
0 50 0
0 6 0
1 12 0
1 15 0
0 49 2
1 13 0
1 3 0
0 26 2
0 22 1
1 39 0
0 7 0
0 29 0
2 41 2
0 36 0
0 43 0
2 26 2
2 10 3
0 5 0
2 23 1
2 37 0
2 34 0
2 46 1
1 32 1
1 15 0
0 4 1
39
0 11 1
0 37 0
2 42 2
0 3 0
0 43 0
1 23 0
1 26 0
2 12 0
0 24 0
1 0 0
2 2 3
0 30 0
0 26 4
2 25 3
1 12 0
0 6 0
1 14 0
0 6 1
0 3 0
0 32 0
1 15 1
0 36 0
1 27 2
1 37 0
1 22 0
1 17 0
1 4 6
1 22 3
0 41 1
0 24 3
2 37 0
2 7 2
2 12 0
0 39 2
2 36 0
1 16 1
2 2 8
1 38 0
2 37 0
1
2 38 34
73
1 25 0
2 20 0
1 25 0
1 25 0
1 25 0
1 25 0
1 25 0
1 25 0
1 25 0
1 25 0
1 25 0
1 25 0
1 25 0
1 25 0
1 25 0
1 25 0
1 25 0
1 25 0
1 25 0
1 25 0
1 25 0
1 25 0
1 25 0
1 25 0
1 25 0
1 25 0
1 25 0
1 25 0
1 25 0
1 25 0
1 25 0
1 25 0
1 25 0
1 25 0
2 30 34
1 23 0
2 15 0
1 23 0
1 23 0
1 23 0
1 23 0
1 23 0
1 23 0
1 23 0
1 23 0
1 23 0
1 23 0
1 23 0
1 23 0
1 23 0
1 23 0
1 23 0
1 23 0
1 23 0
1 23 0
1 23 0
1 23 0
1 23 0
1 23 0
1 23 0
1 23 0
1 23 0
1 23 0
1 23 0
1 23 0
1 23 0
1 23 0
1 23 0
1 23 0
0 15 0
0 40 0
0 26 0
0 28 0
1
2 49 4
74
1 18 0
2 12 0
1 18 0
1 18 0
2 9 4
1 24 0
2 20 0
1 24 0
1 24 0
2 43 4
2 3 0
1 6 0
1 6 0
1 6 0
2 12 4
2 18 0
1 29 0
1 29 0
1 29 0
2 31 4
2 13 0
1 16 0
1 16 0
1 16 0
2 43 4
2 19 0
1 30 0
1 30 0
1 30 0
2 14 4
1 10 0
2 7 0
1 10 0
1 10 0
2 36 4
1 28 0
2 26 0
1 28 0
1 28 0
2 48 4
2 22 0
1 24 0
1 24 0
1 24 0
2 50 4
2 22 0
1 39 0
1 39 0
1 39 0
2 32 4
1 24 0
2 20 0
1 24 0
1 24 0
2 1 4
2 25 0
1 36 0
1 36 0
1 36 0
2 5 4
2 23 0
1 25 0
1 25 0
1 25 0
0 30 0
0 14 0
0 35 0
0 40 0
0 27 0
0 43 0
0 15 0
0 17 0
0 16 0
0 39 0
1
2 18 7
74
1 2 0
2 1 0
1 2 0
1 2 0
1 2 0
1 2 0
1 2 0
2 26 7
1 12 0
2 6 0
1 12 0
1 12 0
1 12 0
1 12 0
1 12 0
2 44 7
1 22 0
2 13 0
1 22 0
1 22 0
1 22 0
1 22 0
1 22 0
2 10 7
1 23 0
2 22 0
1 23 0
1 23 0
1 23 0
1 23 0
1 23 0
2 16 7
1 6 0
2 5 0
1 6 0
1 6 0
1 6 0
1 6 0
1 6 0
2 29 7
1 28 0
2 18 0
1 28 0
1 28 0
1 28 0
1 28 0
1 28 0
2 10 7
1 12 0
2 11 0
1 12 0
1 12 0
1 12 0
1 12 0
1 12 0
2 44 7
2 27 0
1 37 0
1 37 0
1 37 0
1 37 0
1 37 0
1 37 0
0 37 0
0 13 0
0 10 0
0 46 0
0 14 0
0 37 0
0 25 0
0 41 0
0 26 0
0 41 0
0 36 0
1
2 39 13
77
1 13 0
2 8 0
1 13 0
1 13 0
1 13 0
1 13 0
1 13 0
1 13 0
1 13 0
1 13 0
1 13 0
1 13 0
1 13 0
2 3 13
2 4 0
1 5 0
1 5 0
1 5 0
1 5 0
1 5 0
1 5 0
1 5 0
1 5 0
1 5 0
1 5 0
1 5 0
1 5 0
2 37 13
2 9 0
1 10 0
1 10 0
1 10 0
1 10 0
1 10 0
1 10 0
1 10 0
1 10 0
1 10 0
1 10 0
1 10 0
1 10 0
2 22 13
2 21 0
1 30 0
1 30 0
1 30 0
1 30 0
1 30 0
1 30 0
1 30 0
1 30 0
1 30 0
1 30 0
1 30 0
1 30 0
2 4 13
2 10 0
1 11 0
1 11 0
1 11 0
1 11 0
1 11 0
1 11 0
1 11 0
1 11 0
1 11 0
1 11 0
1 11 0
1 11 0
0 33 0
0 48 0
0 23 0
0 15 0
0 42 0
0 37 0
0 42 0
0 38 0
1
2 18 22
77
2 1 0
1 2 0
1 2 0
1 2 0
1 2 0
1 2 0
1 2 0
1 2 0
1 2 0
1 2 0
1 2 0
1 2 0
1 2 0
1 2 0
1 2 0
1 2 0
1 2 0
1 2 0
1 2 0
1 2 0
1 2 0
1 2 0
2 36 22
1 17 0
2 16 0
1 17 0
1 17 0
1 17 0
1 17 0
1 17 0
1 17 0
1 17 0
1 17 0
1 17 0
1 17 0
1 17 0
1 17 0
1 17 0
1 17 0
1 17 0
1 17 0
1 17 0
1 17 0
1 17 0
1 17 0
2 15 22
1 8 0
2 7 0
1 8 0
1 8 0
1 8 0
1 8 0
1 8 0
1 8 0
1 8 0
1 8 0
1 8 0
1 8 0
1 8 0
1 8 0
1 8 0
1 8 0
1 8 0
1 8 0
1 8 0
1 8 0
1 8 0
1 8 0
0 43 0
0 44 0
0 37 0
0 18 0
0 13 0
0 32 0
0 32 0
0 38 0
0 42 0
1
2 17 13
78
2 17 0
1 19 0
1 19 0
1 19 0
1 19 0
1 19 0
1 19 0
1 19 0
1 19 0
1 19 0
1 19 0
1 19 0
1 19 0
2 19 13
1 3 0
2 2 0
1 3 0
1 3 0
1 3 0
1 3 0
1 3 0
1 3 0
1 3 0
1 3 0
1 3 0
1 3 0
1 3 0
2 15 13
2 15 0
1 18 0
1 18 0
1 18 0
1 18 0
1 18 0
1 18 0
1 18 0
1 18 0
1 18 0
1 18 0
1 18 0
1 18 0
2 26 13
1 31 0
2 22 0
1 31 0
1 31 0
1 31 0
1 31 0
1 31 0
1 31 0
1 31 0
1 31 0
1 31 0
1 31 0
1 31 0
2 31 13
2 14 0
1 15 0
1 15 0
1 15 0
1 15 0
1 15 0
1 15 0
1 15 0
1 15 0
1 15 0
1 15 0
1 15 0
1 15 0
0 48 0
0 50 0
0 26 0
0 10 0
0 47 0
0 27 0
0 13 0
0 47 0
0 31 0
36
1 39 0
0 47 6
2 48 0
2 49 0
1 44 0
0 14 2
2 6 0
0 32 0
0 42 0
0 21 2
0 36 0
0 48 2
0 41 0
1 35 1
0 40 1
2 29 0
2 19 0
1 36 1
1 4 1
1 0 0
2 47 4
0 9 2
0 9 1
1 27 0
0 32 0
1 4 0
0 9 0
1 30 0
2 36 0
2 3 0
0 44 0
0 5 1
2 20 1
2 26 0
1 45 0
2 28 2
44
2 36 0
2 45 0
1 18 4
0 6 2
1 43 0
2 13 4
0 1 2
1 13 0
0 23 0
0 27 4
2 50 2
1 16 2
1 36 0
2 9 0
1 18 2
0 7 0
0 45 0
1 37 0
0 12 0
0 36 1
1 6 0
2 46 2
2 39 0
1 4 1
2 8 2
2 34 1
2 45 7
1 44 0
0 34 0
1 8 0
0 19 1
1 34 0
2 13 0
1 20 0
0 48 3
2 23 0
2 34 2
2 10 0
1 27 0
0 43 0
1 31 0
1 15 0
0 7 1
2 31 0
1
2 43 17
75
1 15 0
2 14 0
1 15 0
1 15 0
1 15 0
1 15 0
1 15 0
1 15 0
1 15 0
1 15 0
1 15 0
1 15 0
1 15 0
1 15 0
1 15 0
1 15 0
1 15 0
2 3 17
2 20 0
1 29 0
1 29 0
1 29 0
1 29 0
1 29 0
1 29 0
1 29 0
1 29 0
1 29 0
1 29 0
1 29 0
1 29 0
1 29 0
1 29 0
1 29 0
1 29 0
2 27 17
2 16 0
1 23 0
1 23 0
1 23 0
1 23 0
1 23 0
1 23 0
1 23 0
1 23 0
1 23 0
1 23 0
1 23 0
1 23 0
1 23 0
1 23 0
1 23 0
1 23 0
2 5 17
2 14 0
1 19 0
1 19 0
1 19 0
1 19 0
1 19 0
1 19 0
1 19 0
1 19 0
1 19 0
1 19 0
1 19 0
1 19 0
1 19 0
1 19 0
1 19 0
1 19 0
0 44 0
0 18 0
0 16 0
0 21 0
1
2 17 32
79
2 7 0
1 13 0
1 13 0
1 13 0
1 13 0
1 13 0
1 13 0
1 13 0
1 13 0
1 13 0
1 13 0
1 13 0
1 13 0
1 13 0
1 13 0
1 13 0
1 13 0
1 13 0
1 13 0
1 13 0
1 13 0
1 13 0
1 13 0
1 13 0
1 13 0
1 13 0
1 13 0
1 13 0
1 13 0
1 13 0
1 13 0
1 13 0
2 1 32
2 11 0
1 13 0
1 13 0
1 13 0
1 13 0
1 13 0
1 13 0
1 13 0
1 13 0
1 13 0
1 13 0
1 13 0
1 13 0
1 13 0
1 13 0
1 13 0
1 13 0
1 13 0
1 13 0
1 13 0
1 13 0
1 13 0
1 13 0
1 13 0
1 13 0
1 13 0
1 13 0
1 13 0
1 13 0
1 13 0
1 13 0
1 13 0
0 17 0
0 26 0
0 31 0
0 38 0
0 38 0
0 50 0
0 12 0
0 22 0
0 14 0
0 38 0
0 44 0
0 41 0
0 23 0
0 32 0
1
2 29 3
70
1 16 0
2 10 0
1 16 0
2 38 3
2 13 0
1 14 0
1 14 0
2 42 3
1 22 0
2 19 0
1 22 0
2 30 3
1 9 0
2 5 0
1 9 0
2 47 3
1 13 0
2 10 0
1 13 0
2 34 3
2 19 0
1 20 0
1 20 0
2 11 3
1 31 0
2 25 0
1 31 0
2 12 3
1 11 0
2 8 0
1 11 0
2 0 3
2 13 0
1 15 0
1 15 0
2 39 3
1 18 0
2 15 0
1 18 0
2 17 3
2 29 0
1 30 0
1 30 0
2 27 3
2 26 0
1 36 0
1 36 0
2 11 3
1 16 0
2 15 0
1 16 0
2 16 3
2 30 0
1 37 0
1 37 0
2 7 3
1 40 0
2 34 0
1 40 0
0 22 0
0 14 0
0 20 0
0 37 0
0 13 0
0 33 0
0 35 0
0 44 0
0 32 0
0 32 0
0 27 0
1
2 14 14
79
1 14 0
2 8 0
1 14 0
1 14 0
1 14 0
1 14 0
1 14 0
1 14 0
1 14 0
1 14 0
1 14 0
1 14 0
1 14 0
1 14 0
2 34 14
1 17 0
2 15 0
1 17 0
1 17 0
1 17 0
1 17 0
1 17 0
1 17 0
1 17 0
1 17 0
1 17 0
1 17 0
1 17 0
1 17 0
2 35 14
2 4 0
1 5 0
1 5 0
1 5 0
1 5 0
1 5 0
1 5 0
1 5 0
1 5 0
1 5 0
1 5 0
1 5 0
1 5 0
1 5 0
2 47 14
2 11 0
1 13 0
1 13 0
1 13 0
1 13 0
1 13 0
1 13 0
1 13 0
1 13 0
1 13 0
1 13 0
1 13 0
1 13 0
1 13 0
2 23 14
2 24 0
1 30 0
1 30 0
1 30 0
1 30 0
1 30 0
1 30 0
1 30 0
1 30 0
1 30 0
1 30 0
1 30 0
1 30 0
1 30 0
0 32 0
0 49 0
0 44 0
0 30 0
0 29 0
1
2 38 29
61
2 15 0
1 23 0
1 23 0
1 23 0
1 23 0
1 23 0
1 23 0
1 23 0
1 23 0
1 23 0
1 23 0
1 23 0
1 23 0
1 23 0
1 23 0
1 23 0
1 23 0
1 23 0
1 23 0
1 23 0
1 23 0
1 23 0
1 23 0
1 23 0
1 23 0
1 23 0
1 23 0
1 23 0
1 23 0
2 42 29
1 24 0
2 17 0
1 24 0
1 24 0
1 24 0
1 24 0
1 24 0
1 24 0
1 24 0
1 24 0
1 24 0
1 24 0
1 24 0
1 24 0
1 24 0
1 24 0
1 24 0
1 24 0
1 24 0
1 24 0
1 24 0
1 24 0
1 24 0
1 24 0
1 24 0
1 24 0
1 24 0
1 24 0
1 24 0
0 17 0
0 47 0
46
2 41 0
1 7 2
2 43 1
0 41 0
0 48 1
2 14 0
0 16 0
1 26 0
2 44 0
0 24 1
2 10 1
1 2 0
0 47 0
0 18 2
0 26 0
0 49 0
0 32 1
0 36 0
2 7 0
2 44 0
1 3 0
0 24 0
2 37 0
0 42 0
0 6 0
0 31 1
0 22 0
2 43 0
1 8 0
0 28 1
2 10 0
2 43 0
2 44 0
1 42 0
0 34 2
2 18 0
1 20 0
0 46 0
0 19 0
1 42 1
1 25 0
0 8 0
0 14 0
0 22 0
0 16 0
2 27 2
34
2 38 1
1 50 0
1 2 0
1 23 0
1 30 2
0 27 1
1 10 0
2 49 1
0 5 0
1 49 0
0 12 0
1 44 0
1 6 0
2 27 1
2 8 0
1 40 0
0 36 1
0 17 0
2 30 0
2 23 0
2 9 0
1 27 0
1 6 0
0 32 1
1 14 0
0 50 0
2 41 0
0 9 0
1 22 2
2 43 1
2 26 0
0 42 0
0 44 0
2 44 0
