100
1
1 10 10
0
1
1 10 10
1
1 10 10
1
1 10 10
2
1 10 10
1 10 10
1
1 7 2
5
0 8 0
1 5 0
1 8 2
0 9 0
0 8 1
6
1 2 1
0 6 2
0 1 0
1 2 1
1 0 0
0 4 1
1
1 4 0
6
1 0 0
1 1 0
1 2 0
1 3 0
1 3 1
0 5 0
2
1 2 0
0 9 1
5
1 5 0
0 6 1
1 5 0
1 9 1
1 3 0
4
0 0 0
0 9 0
1 3 1
1 8 0
3
0 0 0
0 1 0
1 1 1
7
0 6 0
1 8 2
0 0 0
1 5 0
1 4 0
1 1 1
0 1 0
9
1 8 0
1 2 2
1 7 1
0 3 0
1 9 0
1 4 0
1 5 1
1 1 0
0 0 0
2
1 1 0
1 3 0
7
1 6 0
0 4 1
0 7 1
1 8 0
0 2 1
0 6 1
0 2 0
5
0 6 1
1 5 0
1 8 1
0 8 1
1 5 1
2
1 2 2
0 8 0
11
0 8 0
0 8 1
1 2 0
1 6 0
0 6 0
0 9 0
1 4 0
0 5 1
1 9 0
0 5 0
0 5 0
4
0 3 1
0 1 0
1 2 0
0 2 0
10
1 8 0
1 5 1
0 4 0
1 5 0
0 8 0
0 4 1
0 8 0
1 4 0
1 9 0
1 9 2
12
1 6 1
1 5 0
1 1 0
1 8 0
1 0 0
0 3 0
0 0 0
1 9 0
1 5 0
0 1 1
1 5 0
1 5 0
3
0 2 0
0 8 1
1 9 1
5
1 7 0
0 9 0
1 7 0
1 8 1
0 3 0
11
0 9 0
1 6 0
1 9 0
0 4 0
0 9 0
0 0 0
0 8 0
1 1 0
1 2 0
1 7 2
1 5 0
11
1 8 0
0 3 0
0 5 0
1 9 0
1 9 0
1 2 1
0 4 0
0 9 0
1 9 0
1 9 0
1 1 0
6
0 9 0
1 5 0
1 6 1
1 4 0
0 3 0
0 2 0
17
0 1 0
1 9 0
0 7 0
0 0 2
0 7 0
1 6 0
0 5 0
0 7 0
0 4 0
1 0 1
0 0 0
0 6 0
1 9 0
1 6 0
1 3 0
0 0 0
1 8 1
1
0 7 0
8
1 2 0
0 2 0
1 5 0
1 4 0
0 2 1
1 5 0
1 1 1
0 9 0
11
0 4 0
0 6 0
1 7 0
1 3 0
1 3 0
1 5 0
1 4 0
0 6 0
1 9 1
1 2 0
1 0 0
12
1 4 0
1 7 0
1 6 0
0 6 0
0 1 1
0 3 0
0 2 1
0 0 0
1 1 0
1 9 0
0 5 0
0 3 0
8
0 0 0
0 8 0
1 7 0
0 6 0
0 8 0
1 1 0
1 2 0
1 3 1
13
1 8 0
0 9 0
1 2 0
1 4 0
1 4 0
1 0 0
1 8 0
1 1 1
0 3 0
1 3 0
0 3 0
1 8 0
1 6 0
8
1 7 0
0 6 0
1 5 0
1 2 0
0 3 0
0 7 0
0 9 0
1 6 0
5
0 3 0
1 2 0
1 5 0
0 8 0
0 7 1
17
0 9 0
0 8 0
1 8 2
0 5 0
0 2 0
1 2 0
1 6 0
1 9 0
1 3 0
0 0 0
0 1 0
0 8 0
1 3 0
1 5 0
1 6 0
0 5 0
1 5 0
12
1 9 1
1 9 0
1 3 0
1 3 2
0 9 0
1 8 0
0 3 0
1 0 0
0 5 0
1 4 1
1 0 0
0 9 0
11
1 2 0
0 9 0
1 4 1
0 0 0
1 9 0
1 9 1
0 3 0
1 5 0
0 2 0
0 0 0
0 5 0
17
0 0 0
0 5 0
1 1 0
0 0 0
0 7 0
1 7 0
1 3 1
1 0 0
1 1 1
0 8 0
1 3 0
0 5 0
0 6 0
0 8 0
1 7 0
1 6 0
0 1 0
7
1 4 0
0 5 1
1 5 0
0 2 0
0 8 0
1 3 0
0 7 0
18
0 9 1
1 5 0
0 1 0
1 1 0
1 7 0
0 7 0
0 6 0
1 7 0
0 1 0
1 8 0
0 0 1
0 1 1
0 0 1
0 6 0
0 9 0
0 7 0
0 5 0
0 0 2
7
1 1 0
1 8 2
0 1 0
1 6 2
1 7 1
1 4 0
0 7 1
5
0 4 0
1 6 0
0 4 1
1 6 0
1 0 0
21
0 9 0
1 2 0
0 6 0
0 6 0
0 7 0
0 7 0
0 1 1
0 4 0
0 1 0
1 7 0
0 6 0
0 7 0
1 1 0
0 4 1
0 5 0
1 1 0
1 9 0
0 0 0
1 8 1
1 9 1
1 6 1
6
0 5 2
0 6 1
1 0 0
0 9 1
1 9 0
1 3 0
21
1 1 0
0 4 1
0 1 0
0 2 0
1 6 0
0 3 0
0 9 0
0 3 0
1 3 0
0 5 0
1 9 0
1 0 2
1 8 0
0 5 0
1 2 0
1 1 0
1 2 0
1 2 0
1 8 0
1 3 0
0 6 1
5
0 2 1
1 4 0
1 4 1
1 7 0
0 4 0
23
0 4 0
1 2 0
0 5 0
0 5 1
1 7 2
1 5 0
0 4 0
1 0 0
0 5 0
1 0 0
1 6 0
1 7 0
1 5 0
0 8 0
0 6 0
1 9 1
1 3 0
0 7 0
0 2 0
0 3 0
0 5 0
1 5 0
0 8 0
17
1 1 0
0 9 0
0 9 0
0 4 0
1 8 0
0 8 0
0 8 0
0 8 0
1 2 0
0 4 0
1 0 1
0 4 0
1 1 0
1 6 0
0 7 1
1 4 0
1 8 1
12
1 1 0
0 2 0
0 0 1
1 0 0
0 4 0
0 5 1
0 3 0
1 8 0
0 6 0
0 4 0
1 3 0
1 5 0
21
1 2 0
1 8 0
0 0 0
1 4 0
1 7 0
0 0 0
1 8 0
1 3 1
1 3 0
0 5 1
0 8 1
1 4 0
1 7 0
1 1 0
0 9 1
0 0 0
1 1 0
1 0 0
0 9 1
0 7 0
1 7 0
9
0 0 0
1 5 1
1 8 0
0 1 0
1 8 1
1 3 0
1 4 0
1 6 0
1 7 0
13
1 5 0
1 8 0
0 8 1
1 9 0
1 2 0
1 4 0
1 2 0
0 9 1
0 9 2
0 4 0
1 3 0
1 8 0
0 3 0
18
0 6 2
0 2 0
1 9 0
0 1 0
1 1 0
1 8 0
1 1 1
1 4 0
0 7 0
0 1 1
1 0 1
1 3 0
1 6 0
1 5 0
1 6 0
0 6 0
1 6 0
0 6 0
8
0 5 0
0 3 0
0 4 1
1 3 0
0 8 0
0 0 0
1 1 0
1 8 0
24
1 1 1
0 2 0
1 4 1
0 4 0
0 7 0
0 6 0
1 9 0
0 0 0
0 7 1
0 9 1
0 3 0
1 6 0
1 5 1
0 9 0
0 4 0
1 9 0
0 1 0
1 0 0
1 9 0
0 4 0
0 7 0
1 6 0
0 3 1
1 2 0
22
1 8 1
1 2 0
1 9 0
1 1 0
1 7 0
0 9 0
0 0 0
0 1 0
0 8 2
1 2 0
0 4 0
1 6 0
0 4 0
1 0 1
1 8 0
1 0 0
1 7 0
0 0 0
0 6 0
1 4 0
1 3 0
1 8 0
11
0 7 1
0 6 1
0 8 0
1 3 0
1 9 0
0 0 1
0 2 0
1 7 0
0 8 0
0 9 1
1 2 0
22
1 1 0
1 5 0
1 9 0
1 4 2
0 8 0
1 4 0
0 9 0
1 6 0
1 6 0
0 8 0
0 8 1
1 6 0
1 3 0
0 0 1
0 4 0
1 2 0
0 1 1
1 2 0
0 5 0
0 7 0
1 0 0
1 0 0
12
1 9 0
0 1 0
1 6 0
0 9 0
0 2 0
0 3 0
0 8 0
0 4 0
0 2 1
0 0 0
0 3 0
0 2 0
28
0 1 0
0 0 0
0 2 0
0 3 0
1 2 0
0 7 0
0 1 2
0 1 1
1 2 0
0 5 0
1 1 1
0 6 0
0 5 0
0 5 0
0 3 0
0 6 0
1 5 0
1 4 0
1 8 1
1 8 0
0 5 0
1 4 0
1 9 0
0 4 0
0 1 0
1 8 0
1 8 0
0 6 0
7
1 2 0
0 5 0
1 9 0
1 8 0
0 6 0
0 7 0
0 7 0
13
0 2 0
1 6 0
1 8 0
1 0 0
1 7 0
1 6 1
1 6 0
1 7 0
1 3 0
0 0 0
1 8 2
0 2 0
1 2 0
23
1 4 2
0 2 0
0 1 0
0 2 0
0 1 0
0 0 0
1 4 0
1 5 0
0 4 0
0 5 1
0 1 0
0 0 0
0 5 1
1 5 1
1 8 0
0 1 0
1 8 0
0 4 0
0 9 1
0 5 1
1 5 0
0 1 0
1 8 0
25
0 9 0
0 5 0
0 3 0
1 4 0
1 5 1
1 4 0
0 4 0
0 3 0
1 9 0
1 5 1
1 0 0
1 8 0
1 3 0
0 7 0
0 6 0
0 6 0
1 1 0
1 3 0
1 4 0
1 5 1
1 6 1
1 8 0
1 6 2
0 0 0
1 2 1
12
1 8 0
1 8 1
0 8 0
0 1 0
0 2 0
0 5 0
0 0 0
1 8 0
1 0 1
0 6 0
0 6 0
0 0 0
24
1 6 0
0 3 0
1 4 2
0 9 0
1 0 0
0 8 1
1 5 0
1 1 1
0 3 0
0 9 0
0 5 0
0 2 0
1 6 1
1 0 0
0 8 0
0 7 0
0 1 0
1 4 0
0 5 0
0 2 0
0 4 0
0 9 0
1 8 0
0 7 0
14
0 3 0
1 3 0
0 7 1
1 8 0
1 3 0
1 8 0
0 5 0
1 1 0
1 4 1
0 3 0
1 2 1
0 5 0
0 9 0
0 9 1
19
0 3 0
1 2 0
0 8 0
1 9 0
0 4 1
0 3 0
1 0 0
1 7 0
1 5 0
1 0 0
0 2 0
1 0 0
0 0 0
0 4 1
1 4 0
1 2 0
1 6 0
1 9 0
0 1 0
20
1 4 0
1 7 0
0 9 0
0 2 0
1 6 0
0 8 1
0 3 2
1 7 0
1 8 0
1 9 0
0 9 0
0 6 0
0 7 0
1 5 0
0 2 0
1 8 2
1 8 0
1 2 0
1 3 0
0 5 1
19
0 4 0
1 9 1
0 7 0
0 6 0
1 3 0
0 1 0
0 2 1
0 5 0
1 0 0
0 1 0
0 6 0
0 9 0
1 4 0
1 5 0
1 7 0
1 1 0
0 8 1
0 8 0
1 2 0
21
0 0 0
1 2 0
0 8 1
0 8 0
0 8 0
1 1 0
0 4 0
1 4 0
1 0 0
0 8 0
1 2 0
0 0 0
0 5 1
0 8 0
0 1 0
1 5 0
0 0 0
1 3 0
0 1 1
1 0 0
1 2 1
10
1 3 0
0 7 1
0 5 0
1 4 0
0 2 1
1 3 1
1 8 0
0 4 0
1 1 0
0 9 1
31
0 0 2
0 9 2
0 9 0
0 6 1
1 6 0
0 3 0
0 9 1
1 9 0
1 7 0
0 5 0
0 5 0
1 2 0
1 3 0
1 0 0
1 4 1
0 9 0
1 8 0
0 1 0
1 0 0
1 2 0
0 3 1
0 3 1
1 0 0
1 8 0
0 6 0
0 0 0
1 8 0
1 8 0
1 0 0
0 0 0
0 8 0
23
1 4 1
1 5 0
1 7 0
1 3 1
1 2 0
1 3 1
1 2 0
1 0 0
0 2 0
0 5 1
1 7 1
0 1 0
1 6 0
0 7 0
1 6 0
1 4 1
1 4 0
0 6 0
0 0 0
1 5 0
1 3 0
1 4 0
0 1 0
19
0 4 0
0 5 0
1 9 0
0 4 0
0 0 0
1 1 2
0 2 0
1 1 0
0 3 0
1 6 0
1 5 0
0 1 0
0 2 0
1 3 0
0 5 0
0 8 0
0 0 0
0 4 0
1 1 0
9
1 9 0
0 5 0
1 3 0
0 1 2
1 2 0
1 6 0
1 7 0
1 2 0
1 1 0
34
1 5 0
0 9 0
1 9 0
1 2 0
1 5 0
0 1 0
1 2 1
0 8 0
0 6 1
1 6 0
0 9 0
0 3 0
0 9 0
0 0 0
0 4 1
1 5 0
0 2 0
0 7 0
0 0 2
0 7 0
0 2 0
0 0 0
1 0 1
0 5 0
0 0 2
0 3 0
0 7 0
1 2 0
1 8 0
0 4 0
1 0 0
0 8 0
1 4 0
1 4 0
29
0 4 0
0 6 0
1 4 1
0 0 0
0 5 0
0 0 1
1 2 0
1 8 0
1 5 0
0 5 0
1 3 0
0 1 1
0 6 1
0 7 0
0 1 0
1 2 0
1 2 1
0 2 1
0 1 0
1 1 0
1 6 0
0 3 0
0 4 0
1 3 0
1 1 0
0 9 0
0 0 0
1 6 0
1 4 0
15
0 7 0
1 5 1
0 6 2
1 3 0
1 5 0
0 5 0
0 2 0
0 3 0
0 5 0
1 3 0
1 0 0
0 5 1
1 1 0
1 0 0
0 0 0
6
1 4 1
1 9 0
0 9 0
1 0 0
0 9 0
1 1 0
39
0 9 2
0 1 0
0 0 0
1 3 1
1 6 0
0 2 0
0 6 0
1 3 0
0 3 0
0 1 1
0 3 0
0 1 0
1 2 0
0 4 0
1 2 0
0 6 0
0 1 0
0 1 0
0 6 0
1 6 0
1 4 0
0 7 0
0 8 0
1 4 0
0 3 0
0 1 0
0 3 0
1 4 0
0 7 0
1 9 0
1 5 0
0 7 1
0 4 0
0 1 1
0 6 0
0 9 0
1 4 1
1 0 0
0 7 1
16
0 20 0
0 19 0
0 19 0
1 20 0
0 16 0
0 8 0
0 6 0
1 11 0
0 12 0
1 3 0
1 3 0
1 4 0
0 4 0
1 14 1
1 16 0
0 3 0
64
0 5 0
0 15 0
0 16 0
0 20 0
1 6 0
1 9 1
0 4 0
1 6 0
0 0 0
1 16 0
0 12 0
1 10 0
1 4 0
0 6 2
0 14 0
1 5 0
0 6 1
1 14 0
1 2 1
1 16 0
1 0 1
0 6 0
0 10 0
1 2 0
0 9 0
1 16 0
0 10 0
0 17 0
0 9 0
1 10 0
1 10 0
1 1 0
1 20 0
0 19 3
0 2 1
1 17 0
0 6 0
1 12 0
0 19 0
0 7 1
0 14 0
0 11 0
1 15 0
1 14 0
1 2 1
0 7 0
1 14 0
0 2 0
0 18 0
1 10 0
0 2 0
1 12 0
1 12 0
0 4 0
0 6 0
1 4 0
1 11 0
0 12 0
0 9 0
1 9 0
1 4 0
1 15 0
1 3 0
0 12 0
61
1 5 1
0 3 2
0 14 0
1 4 3
1 12 0
0 19 1
1 17 0
1 11 0
0 2 0
0 13 0
1 20 0
0 19 0
1 7 1
0 6 0
0 9 0
0 12 0
0 17 0
0 7 0
0 17 4
1 0 0
0 13 1
1 8 0
0 1 2
0 20 0
1 12 2
1 18 0
1 19 0
0 9 0
0 2 1
1 3 0
0 4 0
1 18 0
1 7 1
0 7 1
1 16 0
0 14 0
0 7 0
0 8 1
1 0 0
1 9 0
1 10 0
0 3 0
1 0 0
1 13 1
0 6 0
1 18 1
1 4 1
0 14 0
1 11 0
1 14 1
1 20 0
1 14 2
0 17 0
0 16 0
0 4 1
1 15 0
1 1 1
0 0 0
0 14 0
1 16 0
1 15 0
19
0 0 0
0 11 1
0 17 0
1 7 0
1 14 0
1 5 0
0 19 0
0 1 1
1 6 0
1 10 0
1 18 0
0 15 0
0 6 0
0 17 1
1 1 0
0 8 0
0 16 1
0 7 0
1 13 0
48
1 17 0
0 17 0
1 6 2
1 4 0
0 5 0
0 19 1
0 2 0
1 16 0
0 11 1
0 8 0
1 20 0
0 5 0
0 18 0
1 0 0
0 3 0
0 1 0
0 7 0
0 16 0
1 0 0
0 10 0
1 1 0
0 4 0
1 15 1
0 8 1
1 18 0
1 4 0
1 18 0
0 6 0
0 10 0
1 19 0
1 2 0
0 19 0
1 12 0
0 13 0
1 19 0
0 8 0
0 6 0
1 10 0
0 19 0
0 10 0
0 1 0
0 2 0
0 20 0
1 13 1
0 4 0
0 18 0
1 19 1
0 5 0
32
0 11 0
0 7 0
0 20 1
0 15 0
1 10 0
0 20 0
1 4 2
1 6 1
1 13 0
1 1 1
0 15 0
0 16 0
1 8 0
0 9 1
0 6 0
1 9 0
0 20 0
1 10 0
0 10 0
0 13 1
0 20 0
1 5 0
1 9 0
1 12 0
1 11 0
0 9 1
0 2 0
0 1 1
1 12 0
1 12 0
0 18 0
0 4 0
35
1 15 0
0 9 1
1 5 1
1 0 0
0 19 0
1 12 0
0 8 0
1 2 0
0 13 0
1 15 1
0 5 1
0 2 0
1 0 0
1 13 1
0 19 0
1 14 0
1 8 0
0 16 0
0 2 0
1 14 0
0 6 0
1 1 0
1 10 0
1 7 0
1 3 0
1 14 1
0 6 0
1 10 0
0 15 3
0 14 1
1 20 0
0 16 1
0 1 0
0 18 0
1 3 0
45
0 19 2
1 3 1
1 6 0
0 3 0
1 6 0
1 18 0
1 2 1
0 3 1
1 9 0
0 13 0
1 10 0
1 15 0
1 16 0
0 4 0
1 6 0
0 12 0
0 1 1
0 14 0
0 4 0
1 3 0
0 8 0
0 6 0
0 8 1
0 1 0
0 10 0
1 14 0
0 14 0
0 0 0
0 1 0
1 0 0
0 16 2
1 11 0
0 13 0
1 15 1
1 14 0
1 5 0
0 14 1
0 11 0
0 9 0
0 3 0
0 5 0
0 15 1
0 20 0
1 18 0
1 14 0
51
0 4 0
0 7 0
1 1 2
1 6 0
1 7 0
1 19 0
0 3 0
0 4 0
1 13 1
0 12 0
0 19 0
0 6 0
0 13 0
1 16 0
0 7 0
1 4 0
1 12 0
1 11 0
0 10 1
1 12 0
1 13 1
0 6 0
0 1 0
1 6 0
0 18 0
1 0 0
0 14 3
0 8 1
0 19 0
0 4 0
0 0 0
1 6 0
0 4 0
1 3 0
0 6 1
0 18 0
1 18 0
1 16 2
1 2 0
0 8 0
1 0 0
0 3 0
1 5 0
0 12 0
0 8 1
1 2 0
0 0 0
1 2 0
0 10 0
1 13 0
0 14 0
29
0 17 0
1 4 0
1 14 0
0 5 0
0 11 0
1 20 1
0 5 0
1 15 0
1 19 0
0 1 0
0 15 0
1 9 0
0 18 0
0 10 1
1 16 0
1 8 1
0 20 0
1 2 0
0 14 2
0 18 0
1 5 0
1 17 1
0 9 0
0 11 1
0 5 0
0 16 0
1 9 0
0 12 0
0 10 3
43
0 19 2
0 18 0
0 1 0
1 18 0
0 1 0
1 5 0
1 17 2
0 0 0
0 17 0
0 1 0
1 16 0
1 16 1
0 19 1
0 11 0
0 7 0
1 14 0
0 19 0
0 14 0
0 20 0
0 11 0
0 1 0
0 14 1
0 13 0
1 12 0
1 7 0
0 15 0
0 1 0
0 1 4
1 12 0
0 10 1
0 17 1
1 13 0
0 15 0
1 20 0
1 16 0
0 1 0
0 9 0
1 11 0
1 1 1
0 15 0
1 12 1
0 8 1
1 15 0
37
0 9 0
0 13 0
0 7 0
0 12 0
0 13 0
0 1 0
1 18 0
1 17 1
1 9 0
0 17 1
0 1 0
1 18 0
0 13 0
1 7 0
0 1 3
0 2 0
0 1 0
0 6 0
0 1 0
1 3 1
0 9 0
0 19 0
0 13 0
1 8 0
0 4 1
1 9 0
0 0 0
0 10 0
1 18 0
1 20 1
0 15 0
0 4 0
0 11 0
0 3 0
0 2 0
1 16 1
1 7 1
7
1 19 0
1 7 1
1 15 0
1 15 2
0 7 0
0 8 0
0 20 0
73
0 5 0
0 13 0
1 20 0
1 20 0
1 12 0
0 1 0
0 1 0
1 10 0
1 17 0
1 5 0
1 19 0
1 8 0
0 18 0
1 20 0
0 20 1
1 8 0
1 13 0
0 13 0
0 17 1
0 10 0
1 16 0
1 16 0
1 13 0
0 6 0
0 14 0
1 0 0
1 5 0
1 10 0
1 5 2
1 12 0
0 20 0
1 5 2
0 0 0
0 9 0
1 11 0
1 2 0
0 10 1
1 5 0
0 19 0
1 10 1
1 9 0
0 8 0
1 11 0
1 4 0
0 13 0
1 2 2
1 3 0
0 1 0
0 4 0
1 1 0
1 9 1
0 7 0
1 3 0
1 20 0
1 8 0
0 7 0
0 7 0
1 10 0
0 9 0
0 20 0
0 18 0
1 19 0
1 14 2
1 13 0
0 16 0
1 0 0
0 16 0
0 20 0
0 1 0
1 7 0
1 12 1
0 15 0
1 6 0
38
0 10 0
1 0 0
1 9 0
0 2 0
0 16 0
0 6 0
0 0 0
0 15 0
0 9 0
0 20 0
1 2 0
1 11 0
1 13 0
1 7 0
1 4 0
1 6 0
0 8 0
0 13 0
1 20 0
1 3 0
1 2 0
1 16 0
1 2 1
1 8 0
1 12 0
1 1 0
1 6 0
1 9 1
0 12 1
1 1 0
0 12 0
0 7 1
0 18 0
1 6 1
1 18 0
0 7 2
0 0 1
0 15 1
42
0 10 0
0 20 1
1 6 0
0 16 0
0 14 2
0 0 0
0 7 1
1 3 0
1 0 0
1 17 0
1 7 0
0 5 0
1 3 0
0 12 0
1 0 0
1 6 0
0 14 0
1 7 0
0 11 0
0 8 0
0 10 1
0 18 0
0 16 0
0 0 3
1 10 0
1 3 0
0 12 0
1 1 0
1 10 0
1 12 0
0 6 0
0 1 0
0 9 1
0 13 0
0 6 0
0 5 0
0 15 0
0 19 0
1 9 0
1 3 1
0 8 0
0 16 0
78
1 7 0
1 10 0
0 18 0
0 0 0
0 10 0
0 16 0
1 17 0
0 2 2
1 8 0
0 7 0
0 0 2
0 18 0
0 6 0
1 0 0
1 15 1
1 10 3
0 20 0
0 19 1
1 9 0
1 0 0
1 0 0
1 20 0
0 8 0
0 6 0
1 9 0
1 16 1
1 15 1
1 4 1
0 5 0
0 18 0
1 7 0
1 11 0
0 3 0
0 7 0
1 4 0
0 16 0
1 8 0
0 9 0
1 6 0
1 3 0
0 0 0
1 14 1
1 8 0
1 10 1
1 19 0
0 16 0
1 5 2
1 7 0
1 15 0
0 9 1
1 2 2
1 20 0
1 3 2
1 16 0
1 14 0
0 4 0
1 18 1
1 6 2
1 7 0
0 12 1
0 7 0
0 11 0
1 7 0
0 12 1
0 11 0
0 4 0
1 7 0
1 11 0
1 9 0
0 19 0
1 15 0
1 7 0
1 3 0
0 3 0
1 18 1
0 18 0
1 3 1
1 17 0
2
0 13 0
1 20 0
80
1 20 20
0 20 20
1 20 20
0 20 20
0 20 20
1 20 20
0 20 20
1 20 20
0 20 20
1 20 20
0 20 20
1 20 20
1 20 20
1 20 20
0 20 20
1 20 20
0 20 20
0 20 20
1 20 20
0 20 20
0 20 20
1 20 20
1 20 20
0 20 20
1 20 20
1 20 20
0 20 20
1 20 20
1 20 20
1 20 20
1 20 20
0 20 20
1 20 20
0 20 20
0 20 20
0 20 20
1 20 20
0 20 20
0 20 20
0 20 20
1 20 20
1 20 20
0 20 20
0 20 20
1 20 20
0 20 20
1 20 20
1 20 20
0 20 20
0 20 20
0 20 20
0 20 20
1 20 20
1 20 20
1 20 20
1 20 20
1 20 20
1 20 20
1 20 20
1 20 20
1 20 20
0 20 20
0 20 20
1 20 20
1 20 20
1 20 20
1 20 20
0 20 20
0 20 20
0 20 20
0 20 20
1 20 20
0 20 20
0 20 20
1 20 20
0 20 20
1 20 20
1 20 20
1 20 20
0 20 20
0
26
1 4 0
0 16 0
1 15 0
1 13 1
0 18 0
1 6 0
0 20 0
1 9 0
1 0 0
1 17 0
1 0 0
1 15 0
1 9 0
1 16 0
0 6 1
1 9 0
0 9 0
0 0 0
0 7 1
0 16 0
0 20 1
0 12 1
1 0 0
0 8 0
0 17 0
1 0 0
54
0 5 0
0 4 0
0 5 2
1 15 0
1 17 0
0 11 0
1 20 2
1 13 0
0 3 0
1 10 0
1 6 0
1 1 2
1 16 0
0 17 0
1 9 1
1 10 1
1 7 0
0 13 0
1 14 0
0 9 0
1 3 0
1 20 3
0 2 0
1 17 0
1 16 1
1 20 0
1 11 0
0 0 0
1 0 0
1 13 0
0 6 1
0 11 0
1 18 0
1 13 0
0 15 0
0 4 0
1 4 0
0 9 0
0 18 0
1 18 0
1 15 0
1 1 0
1 0 0
1 17 0
0 7 0
1 12 0
1 10 0
1 15 0
1 17 0
1 11 1
1 9 2
1 16 0
0 14 1
1 13 0
80
0 14 0
1 5 0
1 9 0
1 9 0
1 20 2
1 16 1
1 5 1
1 5 0
1 14 0
0 7 0
1 15 0
1 17 0
0 7 0
1 14 0
1 12 0
1 5 0
1 20 0
1 16 0
0 10 0
0 9 1
1 11 0
1 10 0
1 14 0
0 17 1
0 3 0
0 18 1
0 1 0
0 11 0
0 18 0
1 13 0
1 6 1
0 17 0
0 12 0
0 0 0
1 18 2
1 15 0
0 9 1
1 20 0
0 19 0
1 1 0
0 1 2
0 14 0
1 9 0
1 14 0
1 0 0
0 14 0
0 16 0
0 17 0
1 15 0
0 5 0
0 15 1
1 6 0
1 12 0
1 5 0
0 10 0
0 20 1
0 19 0
0 4 0
1 5 0
1 6 1
1 18 0
1 1 0
0 5 0
0 7 0
0 18 0
1 17 0
1 2 1
1 15 0
1 14 1
0 6 0
0 3 0
1 10 0
1 6 0
1 20 0
1 13 1
0 11 0
1 20 1
0 8 0
1 10 1
1 16 0
0
15
0 20 20
1 20 20
1 20 20
1 20 20
1 20 20
0 20 20
0 20 20
0 20 20
1 20 20
0 20 20
1 20 20
1 20 20
1 20 20
1 20 20
0 20 20
65
0 20 20
0 20 20
0 20 20
1 20 20
0 20 20
1 20 20
0 20 20
0 20 20
0 20 20
0 20 20
1 20 20
1 20 20
0 20 20
0 20 20
0 20 20
1 20 20
0 20 20
1 20 20
0 20 20
1 20 20
1 20 20
0 20 20
1 20 20
1 20 20
0 20 20
0 20 20
0 20 20
0 20 20
1 20 20
0 20 20
0 20 20
0 20 20
0 20 20
0 20 20
0 20 20
1 20 20
1 20 20
1 20 20
0 20 20
0 20 20
1 20 20
1 20 20
1 20 20
0 20 20
0 20 20
0 20 20
0 20 20
1 20 20
0 20 20
1 20 20
0 20 20
0 20 20
0 20 20
1 20 20
0 20 20
1 20 20
1 20 20
1 20 20
0 20 20
1 20 20
0 20 20
0 20 20
0 20 20
1 20 20
1 20 20
37
1 12 1
1 10 0
0 20 0
0 14 0
1 19 0
0 0 0
0 6 0
0 3 0
0 11 0
0 4 0
0 14 1
0 4 0
0 5 0
1 0 0
1 20 1
0 9 0
0 6 0
1 15 0
0 13 1
0 8 0
1 17 1
1 13 0
1 0 0
0 14 0
0 5 0
1 1 0
0 19 0
0 18 0
0 5 0
0 9 1
1 13 0
0 5 0
1 19 0
1 20 0
1 10 0
0 13 0
1 20 0
43
1 1 2
0 14 1
0 8 0
0 8 0
1 10 1
1 9 0
1 12 0
1 17 0
1 20 0
1 12 0
0 4 1
0 2 0
0 10 0
1 5 0
0 15 0
1 18 0
1 1 0
0 20 0
0 19 0
1 12 0
1 8 0
1 6 0
1 13 0
1 7 1
1 9 2
1 12 0
1 9 0
0 4 0
1 12 0
0 8 0
1 14 0
1 5 1
0 19 0
0 3 0
0 4 0
1 2 0
0 20 1
1 8 1
1 14 0
0 16 0
1 19 1
1 19 0
0 9 0
17
1 13 1
1 11 0
0 16 0
0 7 0
1 11 2
1 19 0
0 18 0
1 10 0
1 12 0
0 6 0
1 9 0
0 16 0
0 20 0
1 11 0
1 17 0
1 14 0
0 14 0
63
1 0 0
1 3 0
0 3 0
0 3 0
0 8 0
0 4 0
0 7 0
1 14 0
1 2 0
0 5 0
1 5 0
1 5 0
1 6 1
0 18 2
0 16 2
1 2 0
1 4 0
1 19 1
1 6 0
1 1 0
1 13 0
1 11 0
0 11 0
1 2 0
0 3 0
1 20 0
1 18 0
1 13 0
1 16 0
1 8 0
0 16 0
1 13 0
1 11 0
1 1 0
0 5 0
1 6 0
0 2 0
0 8 0
1 14 0
0 16 0
1 16 0
0 18 0
0 10 0
0 6 0
0 0 0
0 14 1
1 1 0
0 2 1
1 7 0
1 8 0
1 2 0
1 11 0
1 5 0
1 15 1
1 19 1
0 11 0
0 14 1
0 4 1
1 15 0
0 2 0
0 5 0
1 1 0
0 9 0
25
1 20 20
0 20 20
0 20 20
0 20 20
0 20 20
1 20 20
1 20 20
0 20 20
0 20 20
0 20 20
0 20 20
1 20 20
1 20 20
0 20 20
1 20 20
0 20 20
0 20 20
1 20 20
0 20 20
1 20 20
0 20 20
1 20 20
0 20 20
1 20 20
1 20 20
55
1 20 20
1 20 20
0 20 20
1 20 20
1 20 20
1 20 20
0 20 20
0 20 20
0 20 20
1 20 20
1 20 20
0 20 20
1 20 20
0 20 20
1 20 20
1 20 20
0 20 20
1 20 20
0 20 20
1 20 20
1 20 20
1 20 20
0 20 20
0 20 20
1 20 20
1 20 20
1 20 20
0 20 20
0 20 20
1 20 20
1 20 20
1 20 20
0 20 20
1 20 20
1 20 20
1 20 20
1 20 20
0 20 20
1 20 20
1 20 20
0 20 20
1 20 20
0 20 20
1 20 20
0 20 20
1 20 20
0 20 20
1 20 20
0 20 20
1 20 20
0 20 20
0 20 20
1 20 20
0 20 20
0 20 20
5
1 20 20
1 20 20
0 20 20
1 20 20
1 20 20
75
0 20 0
0 20 0
1 20 0
1 20 0
0 20 0
1 20 0
1 20 0
1 20 0
1 20 0
1 20 0
0 20 0
1 20 0
1 20 0
0 20 0
0 20 0
0 20 0
0 20 0
1 20 0
1 20 0
1 20 0
1 20 0
1 20 0
1 20 0
1 20 0
0 20 0
1 20 0
0 20 0
1 20 0
0 20 0
1 20 0
1 20 0
1 20 0
1 20 0
1 20 0
0 20 0
1 20 0
1 20 0
0 20 0
1 20 0
1 20 0
1 20 0
1 20 0
1 20 0
1 20 0
1 20 0
0 20 0
1 20 0
1 20 0
1 20 0
1 20 0
0 20 0
0 20 0
1 20 0
0 20 0
0 20 0
0 20 0
1 20 0
1 20 0
1 20 0
1 20 0
1 20 0
0 20 0
0 20 0
1 20 0
0 20 0
1 20 0
0 20 0
1 20 0
1 20 0
1 20 0
1 20 0
1 20 0
0 20 0
1 20 0
1 20 0
25
0 20 0
1 0 1
1 14 0
0 16 0
0 9 0
1 19 0
1 1 0
0 1 0
1 6 0
1 19 0
0 9 0
1 19 0
1 15 0
0 10 0
1 1 0
1 13 0
0 15 0
0 16 0
1 13 1
0 15 0
0 1 1
1 15 0
0 15 1
1 4 1
0 20 0
55
0 5 1
1 11 0
0 5 0
0 15 0
1 10 0
1 6 0
1 2 0
1 18 0
1 19 1
1 8 0
0 3 0
1 9 0
1 10 0
1 7 0
1 16 0
0 16 1
1 3 1
0 20 0
1 4 0
1 4 3
1 7 0
0 5 0
1 17 0
1 20 1
0 15 0
1 14 0
1 18 0
0 6 0
0 19 1
0 5 1
0 16 0
1 19 0
1 13 0
0 15 0
1 18 2
1 3 0
1 20 0
0 6 0
0 3 1
1 0 1
1 2 2
1 20 1
1 20 0
1 8 0
0 7 0
1 15 1
0 10 0
0 16 0
1 15 0
0 10 0
0 0 0
0 4 0
1 7 1
1 19 1
1 5 0
3
1 9 0
0 2 2
0 12 0
77
0 0 0
0 9 0
0 10 0
0 4 0
1 16 0
1 17 0
1 15 2
1 11 0
0 15 1
0 18 0
0 0 0
1 11 0
0 20 0
1 12 0
0 6 2
0 11 0
1 15 2
0 2 0
1 7 0
1 8 0
0 13 1
1 10 1
0 13 0
0 15 1
1 16 0
1 9 0
0 4 1
0 13 1
0 14 0
1 2 1
1 8 0
0 2 0
0 14 0
1 7 2
0 17 0
0 20 0
1 6 0
0 0 0
0 0 0
0 16 0
0 13 1
1 5 0
1 13 0
0 5 0
1 15 0
0 0 0
1 8 1
0 7 0
1 1 0
0 5 0
1 5 1
1 8 1
1 13 1
0 14 0
1 0 0
0 18 0
1 9 1
1 9 1
1 6 1
0 16 0
1 15 0
1 11 0
1 20 0
1 7 1
1 7 0
1 18 0
1 7 0
0 7 0
1 12 0
1 8 0
1 0 0
0 20 0
1 10 0
0 14 0
0 6 0
1 0 0
1 17 0
24
1 18 0
1 10 0
0 3 1
1 2 0
1 11 1
1 8 0
0 20 0
1 19 0
0 10 0
0 5 0
1 20 2
0 3 0
1 15 0
0 13 0
0 0 0
1 7 0
0 14 0
0 10 0
0 8 0
1 14 0
0 6 0
0 3 0
1 10 0
1 1 0
56
1 17 0
1 13 0
1 11 0
0 8 0
0 8 0
1 5 2
0 19 0
1 13 1
1 9 1
0 17 0
1 4 0
1 18 0
0 15 0
0 2 0
1 14 0
0 11 0
0 18 0
0 12 1
0 17 0
0 14 1
1 12 0
1 15 0
0 6 0
0 15 1
0 1 0
1 17 0
0 15 0
1 2 0
1 14 0
0 16 0
1 0 0
1 14 0
1 8 0
0 15 0
1 10 0
1 13 1
1 0 0
0 14 0
0 7 0
0 13 0
0 5 0
1 0 0
0 19 0
1 16 0
0 7 0
0 8 0
1 2 0
1 2 0
0 13 0
0 18 0
1 19 0
0 16 0
1 5 2
1 11 0
0 10 0
0 9 0
10
1 20 20
1 20 20
1 20 20
1 20 20
1 20 20
1 20 20
1 20 20
1 20 20
1 20 20
1 20 20
70
1 20 20
1 20 20
1 20 20
1 20 20
1 20 20
1 20 20
1 20 20
1 20 20
1 20 20
1 20 20
1 20 20
1 20 20
1 20 20
1 20 20
1 20 20
1 20 20
1 20 20
1 20 20
1 20 20
1 20 20
1 20 20
1 20 20
1 20 20
1 20 20
1 20 20
1 20 20
1 20 20
1 20 20
1 20 20
1 20 20
1 20 20
1 20 20
1 20 20
1 20 20
1 20 20
1 20 20
1 20 20
1 20 20
1 20 20
1 20 20
1 20 20
1 20 20
1 20 20
1 20 20
1 20 20
1 20 20
1 20 20
1 20 20
1 20 20
1 20 20
1 20 20
1 20 20
1 20 20
1 20 20
1 20 20
1 20 20
1 20 20
1 20 20
1 20 20
1 20 20
1 20 20
1 20 20
1 20 20
1 20 20
1 20 20
1 20 20
1 20 20
1 20 20
1 20 20
1 20 20
68
1 18 1
0 9 0
1 13 0
1 5 0
1 3 0
0 15 0
0 11 0
0 10 0
1 12 0
1 16 0
1 20 0
1 14 1
1 4 0
1 1 0
0 18 1
0 15 0
0 14 0
0 4 1
1 1 0
1 9 0
1 5 0
1 8 0
1 19 1
1 4 0
0 1 0
0 4 0
1 13 1
1 5 0
1 20 2
1 0 0
1 2 0
1 19 0
1 20 2
0 7 1
0 2 0
1 2 1
1 3 0
1 3 0
1 6 0
1 12 0
0 0 0
1 13 1
1 0 0
0 10 0
1 15 0
1 12 0
0 6 0
0 15 1
1 20 1
1 0 0
0 17 0
0 3 0
0 10 1
0 17 0
0 17 0
0 12 0
0 13 0
1 0 0
1 0 0
1 4 0
0 16 0
0 15 0
0 2 0
0 14 0
0 2 0
1 5 1
1 16 0
0 10 0
12
1 5 0
1 15 0
0 19 1
1 14 0
0 9 1
0 7 0
0 9 1
1 14 0
0 18 0
1 3 0
0 8 1
1 11 1
27
0 17 0
1 13 0
1 16 1
1 16 0
1 4 0
0 0 0
1 3 1
1 13 1
0 13 2
1 19 0
0 5 0
0 18 1
0 2 0
1 12 0
1 18 0
0 1 0
0 6 1
1 19 0
1 16 0
1 3 0
0 20 0
0 15 4
1 2 0
0 5 1
0 3 0
0 9 0
1 7 0
53
1 10 0
0 5 1
0 16 0
0 8 0
0 17 0
1 13 0
0 5 0
0 6 0
0 9 0
1 0 0
0 19 0
1 18 3
0 16 0
0 15 1
1 13 0
1 3 0
1 2 0
1 17 0
0 1 1
1 1 0
0 20 0
1 12 0
1 13 0
0 6 0
1 18 0
0 13 0
1 3 0
0 13 0
1 0 1
1 7 0
1 0 0
0 17 0
1 7 0
0 3 0
0 13 0
1 16 1
0 16 0
1 2 0
0 20 0
1 18 1
0 2 0
1 4 0
0 8 2
1 20 0
1 8 0
1 13 0
0 7 0
1 6 0
0 4 0
1 1 2
0 9 1
1 8 0
1 13 0
20
0 20 20
0 20 20
0 20 20
0 20 20
0 20 20
1 20 20
1 20 20
1 20 20
0 20 20
1 20 20
1 20 20
1 20 20
0 20 20
0 20 20
1 20 20
0 20 20
0 20 20
0 20 20
1 20 20
1 20 20
60
0 20 20
1 20 20
0 20 20
1 20 20
1 20 20
0 20 20
1 20 20
0 20 20
1 20 20
0 20 20
1 20 20
0 20 20
1 20 20
1 20 20
1 20 20
1 20 20
0 20 20
0 20 20
1 20 20
0 20 20
0 20 20
1 20 20
1 20 20
1 20 20
0 20 20
0 20 20
0 20 20
1 20 20
1 20 20
0 20 20
1 20 20
0 20 20
1 20 20
1 20 20
0 20 20
1 20 20
0 20 20
1 20 20
0 20 20
1 20 20
0 20 20
0 20 20
1 20 20
0 20 20
1 20 20
1 20 20
0 20 20
0 20 20
0 20 20
1 20 20
0 20 20
0 20 20
0 20 20
0 20 20
0 20 20
1 20 20
1 20 20
1 20 20
1 20 20
1 20 20
30
1 3 0
1 3 0
0 6 0
1 13 0
0 14 0
0 5 1
1 2 0
1 18 1
0 19 0
1 12 0
0 11 0
0 13 0
1 1 0
1 7 0
0 2 0
1 18 0
0 3 0
1 20 0
1 6 0
1 14 0
1 8 2
1 11 0
0 13 1
0 3 1
1 14 0
0 1 0
1 8 0
1 2 0
1 19 2
1 1 0
50
0 10 1
0 14 0
1 17 0
1 12 0
1 18 0
1 6 0
0 17 0
0 8 0
0 5 0
0 3 1
0 14 0
0 16 0
1 2 0
0 18 0
1 13 0
1 15 0
1 20 1
0 14 0
1 10 1
1 11 0
1 15 0
1 2 0
0 16 0
0 4 0
0 9 0
0 1 0
1 5 2
1 3 0
0 6 1
1 15 0
0 1 1
0 18 0
1 14 0
1 18 0
1 17 0
0 6 0
1 8 0
0 15 0
1 20 0
1 16 0
0 14 0
1 13 0
1 6 0
1 12 0
0 1 0
0 20 0
0 11 0
0 5 0
0 8 0
0 11 0
47
0 18 2
0 17 0
0 15 0
0 8 0
1 14 1
1 1 0
1 3 0
1 17 1
1 18 0
1 19 0
0 2 0
1 19 0
1 13 1
0 19 1
1 0 0
1 10 1
1 20 0
1 4 0
1 7 0
0 15 1
0 4 0
1 2 1
1 16 0
0 13 1
1 2 0
1 6 1
1 17 0
0 18 0
0 8 0
1 14 0
0 9 0
0 10 0
0 18 0
1 15 1
1 14 0
0 3 0
0 15 0
1 15 0
1 12 1
0 17 0
0 12 0
0 9 0
0 19 3
0 4 0
0 1 0
0 7 0
0 20 0
33
0 19 0
0 19 1
1 13 0
0 10 0
1 10 0
0 10 0
1 16 0
0 7 0
0 11 0
0 19 0
0 4 0
1 6 0
1 0 0
0 6 0
1 7 0
1 10 0
1 8 1
0 1 0
1 0 1
0 11 0
1 6 0
1 7 0
0 14 0
1 0 0
1 1 1
1 7 0
0 14 0
0 20 1
0 5 1
0 5 2
0 6 0
1 2 0
0 17 0
48
1 12 0
0 14 0
1 14 0
1 17 0
0 17 1
1 18 0
1 1 0
1 7 0
0 3 0
1 6 0
0 10 0
0 13 0
0 14 0
0 17 0
0 1 0
0 10 0
1 6 1
0 5 0
0 14 0
0 18 0
1 6 0
1 2 0
0 5 0
0 17 0
0 0 0
0 10 0
1 6 0
1 13 0
0 11 0
1 17 0
1 2 0
0 0 0
1 19 1
1 4 0
1 11 0
0 4 0
1 1 1
1 14 1
0 11 0
0 0 0
0 20 0
1 0 0
1 0 0
0 0 0
1 13 0
0 16 0
1 6 0
0 0 1
32
0 17 0
0 8 0
0 10 0
0 7 0
0 19 1
1 14 1
1 20 0
0 15 0
1 10 0
0 12 0
1 15 1
0 8 0
1 8 0
0 15 0
1 12 1
1 1 0
0 16 0
1 9 0
1 14 0
0 16 0
0 11 0
1 13 0
0 10 0
0 19 0
0 4 0
0 10 1
1 18 0
0 17 0
0 18 1
0 16 0
1 20 0
1 11 0
58
0 20 0
0 9 1
0 9 0
0 8 0
0 2 0
0 6 0
0 4 0
1 12 0
1 16 1
0 18 0
1 9 0
1 0 0
1 2 0
0 19 4
0 2 1
0 9 0
1 14 0
1 18 0
1 3 1
0 15 0
1 14 0
0 12 0
1 10 0
1 8 1
1 18 0
0 20 0
0 15 0
0 19 3
1 15 0
0 12 1
0 7 0
1 3 0
1 8 1
0 11 0
0 15 1
0 3 0
1 20 0
1 11 0
1 16 0
1 10 1
0 3 0
0 6 0
1 7 0
0 18 1
1 15 0
1 1 0
1 0 0
0 1 0
1 14 0
0 13 1
1 4 0
0 2 0
0 3 2
1 3 0
1 11 0
0 14 3
0 6 1
0 11 0
22
0 12 0
0 8 0
0 11 0
1 10 0
1 7 0
1 8 0
0 0 1
1 16 0
1 20 1
1 19 0
1 17 0
0 7 0
1 18 0
1 2 0
1 7 1
1 0 0
0 14 0
0 8 0
1 3 0
1 19 0
0 1 0
1 14 0
35
1 11 0
1 17 0
0 2 0
1 8 1
1 10 1
1 15 0
1 9 1
1 20 0
1 16 3
0 0 0
0 9 0
0 8 0
1 16 0
0 1 0
0 16 0
0 2 0
0 10 0
1 13 0
0 2 0
1 13 0
1 9 0
1 15 0
1 12 0
1 10 0
0 1 0
0 17 0
0 6 0
1 3 1
0 7 0
0 14 0
0 13 0
0 19 0
1 8 0
1 2 0
0 17 0
45
1 10 0
1 17 1
1 20 0
1 19 0
0 17 0
0 19 0
0 2 0
0 20 0
0 13 1
0 17 1
1 17 0
0 15 0
0 0 0
0 15 1
0 13 0
1 6 0
1 14 0
0 19 0
1 10 1
0 9 0
0 17 0
0 13 0
1 17 1
1 17 0
1 4 1
1 3 0
1 13 1
0 8 0
1 2 1
1 10 1
0 5 0
1 12 0
1 0 0
1 14 0
0 18 0
0 10 0
0 6 0
0 17 0
0 19 1
0 17 0
1 14 1
1 14 0
1 19 0
0 19 0
1 4 0
48
1 13 0
0 19 0
1 2 0
0 4 0
0 8 0
1 14 0
1 20 0
1 6 1
1 14 0
1 9 2
0 9 0
0 15 0
1 1 0
0 16 0
0 15 0
0 12 0
0 10 0
1 9 1
1 10 1
0 12 1
1 8 0
1 8 0
0 16 0
1 6 0
0 9 1
1 15 0
0 6 0
0 6 0
1 20 0
0 2 0
0 0 0
1 18 0
1 12 0
1 6 0
0 12 0
0 19 0
1 11 0
1 3 0
0 20 0
1 9 1
1 20 0
0 19 0
1 19 0
1 0 0
0 7 0
1 14 1
1 5 2
1 11 0
32
1 19 0
0 15 0
0 20 0
1 9 0
1 20 0
1 14 0
0 19 0
0 18 0
1 13 0
0 9 1
0 12 0
0 11 0
1 17 0
1 0 0
1 0 1
1 17 0
1 7 1
1 14 0
0 10 0
0 20 1
0 1 0
1 4 0
1 4 0
1 5 0
1 1 2
0 13 2
1 19 0
1 5 0
1 3 1
1 9 0
0 13 0
1 3 0
38
1 0 2
1 10 1
0 17 0
1 14 1
1 19 1
1 17 0
0 20 0
0 7 0
1 15 0
0 15 0
0 18 1
0 13 1
1 10 1
1 20 0
1 8 0
1 4 0
0 15 0
0 19 0
0 6 0
1 2 0
1 1 0
1 5 0
1 1 0
1 0 0
0 15 0
1 17 0
0 16 0
1 16 0
0 14 0
0 18 0
0 5 0
0 5 0
0 5 0
1 19 0
1 9 1
0 8 0
0 18 0
1 20 0
42
1 7 0
1 14 0
0 5 0
1 0 1
0 10 0
0 8 0
1 6 0
0 19 1
0 3 0
1 7 1
1 10 0
1 14 1
0 1 0
0 0 1
1 14 0
0 14 0
1 2 0
0 1 0
1 19 0
1 14 0
0 20 0
1 18 1
0 8 0
0 15 0
1 9 0
1 6 0
0 19 0
0 6 0
0 1 1
1 14 0
1 5 0
1 3 0
0 14 1
1 20 0
0 18 0
0 19 0
1 17 0
0 20 0
1 10 0
0 15 0
0 18 1
1 5 1
45
1 13 0
0 11 0
1 7 0
0 11 0
1 18 2
1 10 1
0 9 0
0 17 0
0 14 0
0 8 0
0 1 0
0 12 0
0 20 0
0 14 0
1 9 0
1 19 0
1 0 0
1 4 0
0 10 0
0 15 0
0 13 0
1 4 0
1 9 0
1 8 0
1 15 0
1 2 0
0 6 0
0 4 1
0 7 0
0 12 1
1 9 1
0 13 1
0 18 0
1 4 1
1 15 0
1 13 0
0 10 0
1 13 1
0 16 0
1 5 0
0 6 1
0 5 0
0 20 0
0 8 0
1 4 0
35
0 18 0
0 10 1
1 7 0
0 0 0
1 7 0
0 19 0
0 20 0
0 16 0
0 19 0
1 13 0
1 3 0
1 12 0
0 16 0
0 9 0
0 6 0
1 16 0
0 15 0
1 18 0
1 5 0
0 8 1
0 9 0
1 18 0
1 7 0
0 16 0
0 2 0
1 11 0
1 2 0
1 13 1
1 7 0
1 0 0
1 11 0
0 14 1
0 2 0
0 1 0
1 6 0
52
0 3 0
0 0 1
1 16 0
1 1 0
1 0 0
1 20 0
0 10 0
0 4 0
0 5 0
0 2 0
1 16 0
1 17 1
1 20 0
0 5 0
1 6 0
0 8 0
0 8 0
0 10 0
0 5 1
0 7 0
1 6 0
0 20 0
0 12 0
1 19 0
0 20 0
1 1 0
0 8 0
1 8 2
1 3 1
0 9 0
0 0 0
1 10 0
0 13 0
0 19 1
0 4 0
0 16 0
0 0 0
1 8 1
1 14 0
0 8 2
0 6 0
0 14 0
0 1 2
1 5 0
1 3 0
1 4 0
0 15 0
0 0 0
1 1 0
0 5 0
0 2 0
0 16 0
28
1 10 1
0 19 0
1 11 0
1 17 0
0 6 0
0 14 0
0 7 0
0 8 1
0 3 0
0 20 0
1 14 0
0 10 0
1 19 0
0 18 0
1 6 0
1 1 0
0 13 0
0 9 1
1 14 0
0 18 0
1 14 0
1 13 0
1 7 1
1 10 0
1 2 0
1 6 0
1 12 0
1 6 0
43
1 11 0
0 13 1
1 4 0
1 16 0
0 14 0
1 2 0
1 10 0
1 2 0
1 16 0
0 10 0
0 4 0
0 7 0
0 9 1
1 10 0
1 0 2
0 4 2
1 13 0
1 11 1
1 18 0
1 1 0
1 7 1
0 9 0
0 9 0
0 10 0
0 16 0
1 1 0
1 16 0
0 8 0
0 3 0
1 20 0
0 10 0
0 9 0
1 20 0
1 1 0
1 10 0
1 14 0
1 3 0
1 17 2
0 12 0
0 1 1
0 12 0
0 15 1
1 16 0
37
0 7 0
1 10 0
0 11 0
0 2 0
0 18 0
0 19 0
1 19 0
0 20 1
1 12 1
0 11 0
1 2 0
0 19 1
0 8 0
1 13 0
0 12 1
0 16 1
0 1 1
0 0 0
1 13 0
0 9 0
0 8 0
0 15 0
0 15 0
0 16 0
0 9 0
0 1 1
0 13 0
1 5 1
1 10 0
1 13 0
1 11 0
1 4 0
1 4 1
1 0 0
0 16 1
1 11 0
0 6 1
5
1 15 0
0 5 2
1 17 1
0 3 0
1 19 1
75
0 9 0
0 9 0
0 17 0
1 4 0
1 16 0
1 20 1
0 9 1
0 15 1
0 15 0
1 9 0
1 1 0
1 19 0
0 7 2
0 13 0
0 11 3
0 17 0
0 1 0
0 10 1
1 6 0
0 4 0
1 3 0
0 15 0
0 2 0
0 7 0
0 6 0
1 2 0
1 3 0
1 6 0
1 20 0
0 3 0
0 1 0
1 18 0
0 11 0
0 11 0
1 7 0
0 18 0
0 12 0
0 10 1
1 12 0
0 19 0
1 3 1
1 19 0
1 19 0
0 14 0
1 3 1
1 13 0
1 13 0
0 8 0
0 7 2
1 20 1
1 19 1
0 1 0
0 2 0
1 12 0
0 18 0
0 14 0
1 0 0
1 2 0
1 15 0
0 0 0
1 12 1
1 6 0
1 18 0
0 14 2
0 2 1
0 20 0
1 19 0
0 10 0
1 1 0
0 9 0
1 13 0
0 2 0
1 20 0
1 2 0
1 18 0
10
0 20 20
0 20 20
0 20 20
0 20 20
0 20 20
1 20 20
0 20 20
1 20 20
0 20 20
1 20 20
70
0 20 20
0 20 20
1 20 20
1 20 20
1 20 20
1 20 20
0 20 20
1 20 20
1 20 20
1 20 20
0 20 20
1 20 20
0 20 20
1 20 20
0 20 20
1 20 20
1 20 20
1 20 20
1 20 20
0 20 20
0 20 20
0 20 20
0 20 20
0 20 20
1 20 20
0 20 20
1 20 20
0 20 20
0 20 20
0 20 20
1 20 20
0 20 20
1 20 20
0 20 20
1 20 20
1 20 20
1 20 20
1 20 20
1 20 20
0 20 20
0 20 20
0 20 20
0 20 20
0 20 20
1 20 20
1 20 20
0 20 20
0 20 20
1 20 20
0 20 20
0 20 20
0 20 20
0 20 20
1 20 20
0 20 20
0 20 20
0 20 20
1 20 20
0 20 20
0 20 20
0 20 20
0 20 20
0 20 20
1 20 20
0 20 20
0 20 20
0 20 20
0 20 20
1 20 20
0 20 20
4
1 9 0
0 11 2
0 3 0
1 19 1
76
0 8 1
0 7 0
0 1 0
0 10 0
1 10 1
1 13 0
0 19 0
1 15 0
0 19 0
0 14 0
1 6 0
0 19 0
0 17 0
1 3 0
1 9 0
1 12 0
0 16 0
0 8 2
1 5 1
1 16 1
0 8 1
0 14 1
0 3 1
0 14 0
1 17 0
1 1 0
0 8 0
0 5 1
1 8 0
0 17 0
1 7 0
0 8 0
0 9 0
1 17 2
1 5 0
0 12 0
0 14 0
0 13 0
0 5 0
0 8 0
1 9 0
0 19 0
0 5 0
0 17 0
1 8 0
0 13 0
1 8 0
1 4 0
0 13 1
1 3 0
1 8 0
1 7 0
1 17 0
0 18 1
0 9 0
1 5 1
0 7 1
0 18 0
1 15 0
0 13 0
0 16 0
1 10 0
1 11 1
1 18 0
1 10 0
1 11 0
1 10 0
0 2 0
1 15 0
0 15 0
1 7 0
0 20 1
1 11 0
1 2 0
0 12 0
0 20 0
46
1 20 0
1 17 0
0 7 0
0 8 0
1 2 0
1 3 0
1 10 0
0 6 0
1 9 0
1 3 0
1 9 1
1 12 0
0 18 0
0 4 0
1 7 0
0 2 0
1 9 0
1 14 1
1 11 0
0 13 0
0 14 0
0 17 0
1 2 0
0 4 0
0 6 0
1 5 1
0 13 1
1 9 0
1 3 0
1 15 0
0 4 0
1 11 0
0 20 2
0 10 0
1 3 0
0 15 0
1 13 0
0 19 1
1 20 0
1 15 3
1 14 1
0 18 0
1 15 0
0 20 0
1 13 0
0 16 1
34
0 17 0
0 10 0
1 12 1
1 11 0
0 11 0
0 12 0
1 2 0
1 13 0
1 1 1
1 10 1
1 0 0
1 11 1
1 18 2
1 15 0
1 1 0
1 8 0
0 3 1
1 9 1
0 18 0
0 6 0
1 7 0
0 1 0
1 2 2
0 10 0
1 19 0
0 0 0
0 20 1
1 5 0
1 12 0
0 18 0
0 2 0
0 15 0
1 1 0
0 7 0
69
1 5 0
0 8 0
0 8 0
0 9 0
1 1 0
1 19 0
1 11 0
1 2 0
0 15 3
0 13 0
0 15 0
1 18 0
0 7 1
0 18 1
1 5 0
0 10 0
0 15 1
0 11 1
1 6 1
1 10 0
1 14 2
1 20 0
0 13 0
0 8 0
0 3 0
0 14 2
1 0 0
1 1 0
1 3 0
0 18 0
1 15 1
1 7 1
0 15 0
0 12 0
0 4 1
0 12 2
1 19 1
1 18 0
1 13 0
0 3 0
1 0 0
0 2 0
0 12 0
0 9 0
1 11 0
0 13 1
0 6 0
0 17 0
0 6 0
0 16 0
0 14 0
1 3 0
0 17 0
0 3 0
1 12 0
1 0 0
0 14 0
0 16 0
1 15 1
1 9 0
1 7 0
0 6 0
0 5 0
0 0 0
1 16 0
1 3 0
1 4 0
0 14 2
1 6 1
11
1 13 2
0 20 0
1 17 0
1 3 0
0 4 0
0 5 0
1 6 0
1 20 0
1 10 0
0 4 0
1 11 0
10
1 20 20
1 20 20
1 20 20
1 20 20
1 20 20
1 20 20
1 20 20
1 20 20
1 20 20
1 20 20
70
1 20 0
1 20 0
1 20 0
1 20 0
1 20 0
1 20 0
1 20 0
1 20 0
1 20 0
1 20 0
1 20 0
1 20 0
1 20 0
1 20 0
1 20 0
1 20 0
1 20 0
1 20 0
1 20 0
1 20 0
1 20 0
1 20 0
1 20 0
1 20 0
1 20 0
1 20 0
1 20 0
1 20 0
1 20 0
1 20 0
1 20 0
1 20 0
1 20 0
1 20 0
1 20 0
1 20 0
1 20 0
1 20 0
1 20 0
1 20 0
1 20 0
1 20 0
1 20 0
1 20 0
1 20 0
1 20 0
1 20 0
1 20 0
1 20 0
1 20 0
1 20 0
1 20 0
1 20 0
1 20 0
1 20 0
1 20 0
1 20 0
1 20 0
1 20 0
1 20 0
1 20 0
1 20 0
1 20 0
1 20 0
1 20 0
1 20 0
1 20 0
1 20 0
1 20 0
1 20 0
19
0 9 1
0 14 0
0 14 0
0 17 1
1 4 0
1 20 4
0 7 0
0 12 0
0 6 0
0 13 0
0 20 0
0 19 1
1 18 0
1 3 1
0 14 0
0 4 0
1 16 0
0 11 0
1 17 0
61
1 3 0
0 5 0
0 19 0
1 10 0
0 7 0
1 5 0
0 3 0
1 10 0
0 5 1
0 7 0
1 12 2
1 4 0
1 12 0
1 4 0
1 1 0
1 2 0
0 15 0
0 19 1
0 18 0
0 20 0
1 4 0
0 6 0
1 17 0
0 14 0
0 2 0
0 2 0
0 18 3
1 1 0
1 9 0
0 20 0
1 6 2
1 8 0
0 11 1
1 7 2
1 6 0
0 1 0
0 4 0
0 11 0
0 15 0
0 16 0
0 1 0
1 13 2
1 12 0
1 0 1
0 20 1
0 7 0
1 16 0
1 6 0
1 1 0
1 3 0
0 8 0
0 10 0
0 17 0
0 11 0
0 19 0
1 0 3
1 6 1
0 13 0
0 2 0
1 17 0
0 20 1
72
1 0 0
1 8 0
1 2 0
1 16 1
0 10 0
1 1 0
0 19 0
1 7 0
0 18 0
1 14 0
0 9 1
1 14 1
1 18 0
1 10 0
0 16 0
0 14 1
0 16 0
1 10 1
0 13 0
0 15 0
0 11 0
0 5 0
0 8 0
0 12 0
0 7 1
0 1 0
0 14 0
0 10 0
0 5 1
0 17 0
1 15 0
0 7 0
0 0 0
1 9 0
1 18 0
1 19 0
0 6 0
0 8 1
1 13 1
1 4 0
0 19 1
1 0 0
0 18 1
0 19 0
1 2 0
0 14 0
0 20 1
0 0 0
0 19 2
1 1 0
0 13 0
0 18 0
0 10 0
1 10 0
0 7 0
1 2 0
1 4 0
1 11 1
1 18 0
1 17 0
1 16 0
0 0 0
0 6 0
0 0 1
0 19 2
1 18 1
1 17 0
0 3 1
0 16 0
0 12 1
0 20 0
0 1 0
8
0 6 0
1 11 1
0 10 0
1 6 0
1 10 0
0 16 0
1 20 0
0 12 0
67
0 11 0
1 0 3
0 1 0
0 20 0
0 13 3
1 15 0
0 16 0
0 18 0
0 3 1
1 5 0
1 18 0
0 1 0
0 14 0
1 6 0
1 8 0
0 3 0
1 6 0
0 8 0
0 3 0
1 18 0
1 13 0
1 0 0
0 16 0
1 8 0
0 7 0
1 10 0
0 1 0
1 16 0
0 5 0
1 9 1
0 17 0
1 3 0
0 19 0
0 8 0
1 10 0
1 1 0
0 1 0
1 19 1
1 11 0
1 13 0
1 12 0
0 0 0
0 15 1
1 14 0
0 10 0
1 15 0
1 12 0
1 3 0
0 1 0
0 9 0
0 12 0
1 18 1
0 6 0
1 7 0
1 14 0
1 2 0
0 5 0
1 19 1
1 20 1
1 17 0
0 18 0
0 18 0
0 2 0
0 9 0
1 16 0
0 0 0
0 6 0
13
0 19 1
0 14 0
0 5 0
1 17 0
0 15 0
0 7 1
1 17 1
0 3 0
0 8 0
1 18 0
0 5 0
0 6 0
0 9 0
80
1 14 0
1 15 0
1 8 0
0 3 0
1 2 0
0 19 0
1 0 0
0 7 0
0 2 0
0 1 0
0 20 2
1 0 0
0 11 1
1 3 0
1 2 0
0 6 1
0 8 0
0 19 1
0 7 0
0 17 0
1 16 0
0 4 0
0 16 0
1 20 0
0 8 0
0 3 0
1 18 0
1 9 0
0 3 0
1 7 2
0 11 1
0 15 0
1 13 0
0 14 0
1 9 1
0 19 0
1 9 0
0 4 0
0 2 0
0 12 0
0 10 0
0 1 0
0 13 2
0 16 0
0 12 0
1 2 0
0 11 0
0 13 1
1 1 0
1 10 1
0 10 1
1 15 0
0 2 1
1 9 0
0 15 0
0 0 0
1 4 2
1 0 0
0 12 0
1 1 0
1 5 1
1 15 0
1 10 2
1 2 0
0 17 2
0 20 0
0 16 0
0 20 0
0 18 0
0 20 0
1 20 0
0 3 0
1 17 0
1 16 0
0 7 0
0 20 0
0 15 0
1 16 0
1 19 0
0 2 0
0
74
0 7 0
0 17 0
0 17 0
0 9 0
0 9 0
0 4 0
0 13 0
1 16 0
0 20 0
1 3 0
1 4 1
1 19 0
0 13 2
1 10 0
1 9 0
1 17 0
0 13 0
1 17 0
1 3 1
1 20 0
1 19 3
0 10 0
0 20 1
0 6 0
1 16 1
1 5 0
0 16 0
1 7 2
0 6 0
1 4 0
0 9 0
0 19 0
1 1 0
1 12 0
1 10 0
0 1 0
0 11 0
1 2 0
0 20 0
1 5 0
0 18 0
0 9 1
1 0 0
1 3 0
1 3 0
1 12 1
1 17 0
1 9 0
0 0 0
1 18 0
0 19 0
1 10 1
1 5 1
1 8 0
0 3 0
0 11 0
1 0 0
1 0 0
0 5 2
0 12 0
1 16 0
1 9 0
1 0 0
1 5 0
1 4 0
0 20 1
0 20 0
0 3 0
1 4 1
0 20 0
1 7 0
0 15 0
1 3 0
0 12 0
6
1 16 0
0 9 0
0 20 0
0 8 0
0 14 1
1 2 0
10
0 20 20
0 20 20
0 20 20
0 20 20
0 20 20
0 20 20
0 20 20
0 20 20
0 20 20
0 20 20
70
0 20 0
0 20 0
0 20 0
0 20 0
0 20 0
0 20 0
0 20 0
0 20 0
0 20 0
0 20 0
0 20 0
0 20 0
0 20 0
0 20 0
0 20 0
0 20 0
0 20 0
0 20 0
0 20 0
0 20 0
0 20 0
0 20 0
0 20 0
0 20 0
0 20 0
0 20 0
0 20 0
0 20 0
0 20 0
0 20 0
0 20 0
0 20 0
0 20 0
0 20 0
0 20 0
0 20 0
0 20 0
0 20 0
0 20 0
0 20 0
0 20 0
0 20 0
0 20 0
0 20 0
0 20 0
0 20 0
0 20 0
0 20 0
0 20 0
0 20 0
0 20 0
0 20 0
0 20 0
0 20 0
0 20 0
0 20 0
0 20 0
0 20 0
0 20 0
0 20 0
0 20 0
0 20 0
0 20 0
0 20 0
0 20 0
0 20 0
0 20 0
0 20 0
0 20 0
0 20 0
56
1 10 0
1 6 0
1 11 0
0 13 0
0 19 0
0 10 1
0 18 0
0 6 0
1 7 0
1 11 0
1 5 2
0 10 0
1 8 0
1 7 0
0 20 0
0 11 0
0 16 0
1 8 0
1 14 1
0 5 1
0 10 0
0 8 0
1 9 0
0 7 1
1 3 0
0 1 0
0 2 1
1 18 1
1 13 0
0 3 0
1 13 0
1 14 0
0 10 0
1 14 0
1 11 1
1 7 0
0 12 0
0 18 0
0 0 1
0 18 0
0 15 0
1 12 0
0 5 0
0 1 0
0 9 0
1 10 0
1 9 0
1 20 0
0 10 0
1 19 0
0 11 0
1 12 0
0 5 0
0 5 0
0 20 0
1 15 0
24
0 6 2
0 0 1
0 4 0
1 15 0
1 9 0
0 12 0
0 1 0
0 17 0
1 7 0
1 13 0
1 10 0
0 9 1
0 2 0
0 9 2
1 19 1
1 12 0
1 15 0
0 10 0
1 2 0
1 9 0
1 13 0
0 1 0
0 20 0
0 7 0
64
0 15 0
1 10 0
1 6 0
1 19 0
1 10 0
0 18 1
1 9 1
0 3 0
0 19 0
1 14 0
1 9 0
0 10 0
0 12 0
1 19 1
0 3 0
0 18 0
1 15 0
0 15 0
1 18 0
1 12 0
0 14 1
0 18 0
1 18 0
0 15 0
0 19 0
1 16 0
0 10 0
0 5 0
1 4 2
1 12 1
1 16 1
1 4 0
1 15 0
0 16 0
1 4 0
1 19 0
0 18 0
0 16 0
0 17 0
1 8 0
0 12 0
1 17 0
0 10 1
1 3 0
1 5 1
0 1 1
0 14 0
0 4 0
1 13 0
1 14 0
0 20 0
0 1 0
0 17 0
1 14 0
1 4 0
0 7 0
0 18 0
0 19 0
0 14 0
0 18 0
0 11 0
1 17 0
1 11 1
1 1 0
16
0 1 0
1 15 2
0 16 0
0 13 0
1 5 0
0 14 0
1 8 0
0 15 0
1 1 0
1 8 0
1 2 1
0 3 0
1 2 0
0 10 1
1 18 0
1 16 0
71
1 10 0
0 0 1
0 5 0
0 14 0
1 16 0
1 7 1
1 13 1
1 11 0
1 18 0
1 7 0
0 19 0
1 0 0
0 12 0
1 9 0
1 6 0
0 10 2
0 13 1
1 13 0
0 17 0
1 11 1
0 9 0
0 7 0
1 18 0
1 12 0
1 2 0
0 16 0
0 17 0
1 15 0
1 17 0
0 9 0
0 5 0
1 19 0
1 6 0
1 14 0
1 19 0
1 5 0
0 3 1
1 15 1
0 11 1
0 4 0
0 17 0
1 14 0
0 19 0
0 13 0
0 14 0
1 5 0
1 8 0
0 18 1
1 15 3
1 19 1
0 8 0
0 12 0
0 8 2
1 20 1
0 18 2
1 0 0
1 4 0
1 12 0
0 20 0
1 5 1
1 12 0
0 9 0
0 18 3
1 10 0
1 15 0
1 20 0
0 8 0
0 6 0
0 9 0
0 5 0
1 12 0
9
1 4 0
0 14 0
1 14 1
1 15 1
1 12 0
1 15 0
1 5 2
0 17 0
1 15 0
3
0 10 1
0 10 0
1 14 0
77
1 10 2
0 2 1
0 3 0
1 19 0
1 1 0
0 17 1
0 18 1
1 16 0
1 14 0
0 20 0
0 20 0
0 18 1
0 2 2
1 7 0
0 10 0
0 9 0
1 7 0
0 2 0
0 3 0
1 2 1
0 11 0
0 9 0
0 18 0
1 4 1
1 10 0
1 3 0
0 4 0
0 3 0
1 12 0
1 11 1
1 1 0
0 10 0
0 12 0
1 0 0
1 5 0
1 0 0
1 18 0
1 20 0
0 13 0
1 16 0
1 0 1
0 14 0
0 3 0
0 0 0
0 16 0
1 13 0
0 16 1
0 14 0
1 0 0
0 0 0
1 9 0
0 12 0
1 17 0
0 16 0
1 5 0
0 15 0
1 0 0
1 10 0
0 16 2
0 17 1
0 17 0
1 4 0
1 3 0
0 15 2
1 11 0
0 9 0
1 4 0
0 10 0
1 3 0
1 14 0
0 12 0
0 13 0
0 20 0
1 2 0
1 14 0
0 13 1
1 17 1
47
0 8 2
1 16 0
0 8 0
1 6 0
1 20 2
0 5 0
0 20 2
0 6 0
1 13 0
1 18 0
1 8 2
0 9 0
0 14 0
0 7 0
1 4 0
0 10 0
0 16 0
1 8 0
0 0 2
0 15 1
1 14 0
0 13 1
1 12 0
1 5 0
0 11 0
1 3 0
1 5 0
1 6 0
0 15 0
0 12 0
0 8 0
1 1 1
1 20 0
0 12 0
0 14 0
1 11 0
1 19 0
0 10 0
1 9 0
0 15 0
1 7 0
0 16 0
1 10 0
0 17 0
0 16 0
0 16 0
0 8 0
33
0 9 0
1 1 0
1 17 2
0 16 0
0 0 0
1 12 0
1 9 0
1 20 0
1 16 0
1 5 0
1 10 0
0 18 0
1 5 0
1 6 0
0 2 1
1 16 1
0 9 0
0 19 0
1 15 0
0 18 0
1 2 0
1 20 0
1 3 0
0 4 0
0 19 0
0 2 0
1 9 0
0 13 1
0 20 0
0 20 1
0 15 0
1 3 0
1 4 0
8
1 6 0
1 12 1
1 18 0
0 1 0
0 20 1
1 20 0
1 7 0
0 2 0
72
1 14 0
1 10 0
1 2 0
0 8 0
1 1 0
1 7 0
0 3 0
0 13 0
0 0 0
1 9 0
0 9 0
0 15 0
1 7 1
1 20 0
0 19 0
0 3 0
1 0 0
0 6 0
0 12 0
1 7 0
0 11 0
0 6 0
0 1 0
0 3 1
0 9 0
0 16 0
1 3 0
0 3 0
0 17 1
1 9 0
1 3 1
0 3 1
1 6 0
1 6 0
0 18 0
0 3 0
1 7 0
1 11 0
0 13 0
0 11 0
0 8 0
1 6 0
1 5 0
0 0 2
1 1 0
1 12 0
0 5 0
0 1 0
1 0 0
1 10 0
0 19 0
1 19 0
1 7 0
0 5 0
1 3 0
0 5 0
0 19 0
0 7 0
1 14 0
1 8 0
0 6 0
1 5 0
0 20 0
0 16 2
1 5 0
0 12 0
1 14 0
0 13 1
1 15 0
0 0 0
1 15 0
0 3 0
10
0 20 20
0 20 20
0 20 20
0 20 20
0 20 20
0 20 20
0 20 20
0 20 20
0 20 20
0 20 20
70
0 20 20
0 20 20
0 20 20
0 20 20
0 20 20
0 20 20
0 20 20
0 20 20
0 20 20
0 20 20
0 20 20
0 20 20
0 20 20
0 20 20
0 20 20
0 20 20
0 20 20
0 20 20
0 20 20
0 20 20
0 20 20
0 20 20
0 20 20
0 20 20
0 20 20
0 20 20
0 20 20
0 20 20
0 20 20
0 20 20
0 20 20
0 20 20
0 20 20
0 20 20
0 20 20
0 20 20
0 20 20
0 20 20
0 20 20
0 20 20
0 20 20
0 20 20
0 20 20
0 20 20
0 20 20
0 20 20
0 20 20
0 20 20
0 20 20
0 20 20
0 20 20
0 20 20
0 20 20
0 20 20
0 20 20
0 20 20
0 20 20
0 20 20
0 20 20
0 20 20
0 20 20
0 20 20
0 20 20
0 20 20
0 20 20
0 20 20
0 20 20
0 20 20
0 20 20
0 20 20
48
0 3 0
1 19 0
1 3 0
0 9 0
0 16 0
1 12 0
0 13 0
1 2 0
0 6 2
0 3 1
0 15 1
0 15 0
0 8 0
1 17 1
0 17 0
0 16 0
1 10 0
0 3 0
0 1 0
1 10 0
1 0 0
0 5 0
0 3 0
0 17 0
0 19 1
1 7 0
0 17 0
1 19 1
0 1 0
0 8 0
1 11 0
1 7 0
0 0 0
1 13 0
0 7 0
0 14 0
0 5 0
1 13 0
1 6 0
1 20 0
0 9 0
0 17 0
0 15 0
1 1 1
0 3 0
0 9 0
0 10 0
0 15 1
32
1 8 0
1 18 0
0 10 0
1 6 1
1 15 0
1 7 1
0 1 0
1 1 0
1 11 0
0 17 1
1 19 0
1 13 0
1 15 1
0 5 0
1 5 0
0 19 0
0 11 0
1 5 1
0 11 0
1 15 0
0 12 0
1 10 0
1 12 0
0 14 0
1 10 0
1 13 1
0 6 0
1 2 0
1 4 0
0 7 0
1 14 0
1 2 0
67
1 19 0
0 19 0
0 0 0
0 13 0
0 11 0
1 8 0
0 17 0
0 11 0
0 19 0
1 15 0
0 9 0
0 8 0
1 19 0
1 14 0
1 17 0
0 5 0
1 15 1
1 1 0
1 8 0
1 16 0
0 16 2
1 6 0
0 7 0
0 15 0
0 13 0
1 10 0
0 7 0
0 17 0
1 0 0
0 5 1
0 15 0
1 6 0
0 19 0
1 4 0
1 10 0
0 18 0
0 6 0
1 14 0
0 0 0
1 10 0
0 16 0
0 3 0
1 13 2
0 5 0
0 6 0
1 6 2
0 20 0
1 20 0
1 18 0
0 6 1
1 16 0
0 18 0
1 16 0
0 7 0
1 17 0
1 0 1
0 20 0
1 9 0
1 18 0
0 12 1
0 9 0
1 14 0
1 16 0
0 12 0
1 5 0
1 8 0
0 13 0
13
1 5 0
0 3 0
0 18 0
0 2 0
0 18 0
1 1 1
1 15 0
1 0 3
1 10 0
1 4 1
0 1 0
1 5 0
0 10 0
69
0 19 1
0 20 0
0 2 0
1 9 0
1 4 0
1 18 1
0 2 0
1 9 0
0 17 2
1 9 0
1 6 0
1 5 0
0 1 0
0 4 0
0 3 0
1 2 0
1 5 0
1 8 1
0 2 1
0 19 0
1 4 0
0 19 0
1 8 0
1 6 0
0 10 0
0 1 0
0 20 0
0 12 0
1 6 0
0 11 2
0 8 0
1 8 0
0 4 0
1 18 0
0 2 0
1 4 0
1 3 0
1 8 0
0 9 0
0 13 0
1 18 0
0 2 1
0 18 0
1 1 0
1 20 0
1 3 0
1 9 0
1 15 0
0 0 0
0 9 0
1 15 0
1 2 1
1 3 1
1 20 0
1 16 0
0 4 0
0 0 0
0 11 0
1 20 0
0 8 0
1 15 0
1 11 0
1 12 0
1 15 0
1 15 0
1 2 0
0 5 1
0 20 1
0 15 1
11
0 7 0
0 2 0
0 2 0
1 17 0
1 2 0
1 10 0
0 0 0
0 6 0
1 13 0
1 12 0
0 15 0
12
0 11 1
0 20 0
0 3 0
1 0 0
0 19 0
0 6 0
1 14 0
1 2 0
1 1 0
1 19 0
1 6 0
0 5 2
68
0 16 1
0 17 0
1 12 0
0 13 0
1 4 0
1 6 0
1 0 0
1 5 0
0 14 0
0 1 1
0 12 2
0 6 0
1 7 1
1 3 1
0 11 1
0 16 0
1 11 1
1 10 0
1 2 0
1 9 1
1 20 0
1 19 0
0 8 0
0 6 0
0 4 0
1 2 0
1 18 0
1 9 0
1 17 0
1 12 0
1 6 0
1 10 0
1 15 0
0 7 1
0 11 0
1 4 0
0 18 1
0 5 0
0 1 0
1 5 0
1 19 0
0 15 0
1 13 0
0 13 2
1 1 0
1 1 1
1 15 0
1 3 0
0 6 0
0 15 0
1 3 1
0 4 0
1 10 0
1 8 0
1 10 1
1 16 1
0 1 0
0 5 0
0 15 0
1 15 0
0 4 0
0 5 0
1 3 0
0 14 0
1 12 0
0 5 1
1 5 0
1 13 0
