100
30 15
31 24
37 37
40 21
4 1
35 9
32 31
32 20
1 1
39 39
39 5
4 2
37 25
39 37
33 30
33 20
2 1
36 28
34 23
33 7
34 6
36 33
30 21
38 32
32 22
40 19
38 2
38 36
38 38
40 39
40 40
32 22
34 12
33 16
31 20
35 29
40 4
32 13
40 40
31 29
35 35
38 33
2 2
34 9
30 6
38 10
40 2
30 8
37 21
33 18
40 12
35 34
31 15
36 1
32 27
33 27
31 5
31 11
35 35
33 18
37 4
36 26
38 13
33 3
39 26
39 17
3 1
32 10
3 2
36 16
39 24
4 3
31 23
36 28
40 1
40 39
32 32
32 14
31 18
34 1
36 31
39 38
31 8
36 34
35 14
33 11
35 7
40 40
3 3
35 30
32 19
35 17
40 20
39 25
39 16
31 2
31 17
33 3
39 36
40 19
