

:::0:::
0000 0001 0002 0003 0004 0005 0006 0007 0008 0009 
0001 0002 0003 0004 0005 0006 0007 0008 0009 0010 
0002 0003 0004 0005 0006 0007 0008 0009 0010 0011 
0003 0004 0005 0006 0007 0008 0009 0010 0011 0012 
0004 0005 0006 0007 0008 0009 0010 0011 0012 0013 
0005 0006 0007 0008 0009 0010 0011 0012 0013 0014 
0006 0007 0008 0009 0010 0011 0012 0013 0014 0015 
0007 0008 0009 0010 0011 0012 0013 0014 0015 0016 
0008 0009 0010 0011 0012 0013 0014 0015 0016 0017 
0009 0010 0011 0012 0013 0014 0015 0016 0017 0018 

:::100:::
0001 0002 0003 0004 0005 0006 0007 0008 0009 0010 
0002 0003 0004 0005 0006 0007 0008 0009 0010 0011 
0003 0004 0005 0006 0007 0008 0009 0010 0011 0012 
0004 0005 0006 0007 0008 0009 0010 0011 0012 0013 
0005 0006 0007 0008 0009 0010 0011 0012 0013 0014 
0006 0007 0008 0009 0010 0011 0012 0013 0014 0015 
0007 0008 0009 0010 0011 0012 0013 0014 0015 0016 
0008 0009 0010 0011 0012 0013 0014 0015 0016 0017 
0009 0010 0011 0012 0013 0014 0015 0016 0017 0018 
0010 0011 0012 0013 0014 0015 0016 0017 0018 0019 

:::200:::
0002 0003 0004 0005 0006 0007 0008 0009 0010 0011 
0003 0004 0005 0006 0007 0008 0009 0010 0011 0012 
0004 0005 0006 0007 0008 0009 0010 0011 0012 0013 
0005 0006 0007 0008 0009 0010 0011 0012 0013 0014 
0006 0007 0008 0009 0010 0011 0012 0013 0014 0015 
0007 0008 0009 0010 0011 0012 0013 0014 0015 0016 
0008 0009 0010 0011 0012 0013 0014 0015 0016 0017 
0009 0010 0011 0012 0013 0014 0015 0016 0017 0018 
0010 0011 0012 0013 0014 0015 0016 0017 0018 0019 
0011 0012 0013 0014 0015 0016 0017 0018 0019 0020 

:::300:::
0003 0004 0005 0006 0007 0008 0009 0010 0011 0012 
0004 0005 0006 0007 0008 0009 0010 0011 0012 0013 
0005 0006 0007 0008 0009 0010 0011 0012 0013 0014 
0006 0007 0008 0009 0010 0011 0012 0013 0014 0015 
0007 0008 0009 0010 0011 0012 0013 0014 0015 0016 
0008 0009 0010 0011 0012 0013 0014 0015 0016 0017 
0009 0010 0011 0012 0013 0014 0015 0016 0017 0018 
0010 0011 0012 0013 0014 0015 0016 0017 0018 0019 
0011 0012 0013 0014 0015 0016 0017 0018 0019 0020 
0012 0013 0014 0015 0016 0017 0018 0019 0020 0021 

:::400:::
0004 0005 0006 0007 0008 0009 0010 0011 0012 0013 
0005 0006 0007 0008 0009 0010 0011 0012 0013 0014 
0006 0007 0008 0009 0010 0011 0012 0013 0014 0015 
0007 0008 0009 0010 0011 0012 0013 0014 0015 0016 
0008 0009 0010 0011 0012 0013 0014 0015 0016 0017 
0009 0010 0011 0012 0013 0014 0015 0016 0017 0018 
0010 0011 0012 0013 0014 0015 0016 0017 0018 0019 
0011 0012 0013 0014 0015 0016 0017 0018 0019 0020 
0012 0013 0014 0015 0016 0017 0018 0019 0020 0021 
0013 0014 0015 0016 0017 0018 0019 0020 0021 0022 

:::500:::
0005 0006 0007 0008 0009 0010 0011 0012 0013 0014 
0006 0007 0008 0009 0010 0011 0012 0013 0014 0015 
0007 0008 0009 0010 0011 0012 0013 0014 0015 0016 
0008 0009 0010 0011 0012 0013 0014 0015 0016 0017 
0009 0010 0011 0012 0013 0014 0015 0016 0017 0018 
0010 0011 0012 0013 0014 0015 0016 0017 0018 0019 
0011 0012 0013 0014 0015 0016 0017 0018 0019 0020 
0012 0013 0014 0015 0016 0017 0018 0019 0020 0021 
0013 0014 0015 0016 0017 0018 0019 0020 0021 0022 
0014 0015 0016 0017 0018 0019 0020 0021 0022 0023 

:::600:::
0006 0007 0008 0009 0010 0011 0012 0013 0014 0015 
0007 0008 0009 0010 0011 0012 0013 0014 0015 0016 
0008 0009 0010 0011 0012 0013 0014 0015 0016 0017 
0009 0010 0011 0012 0013 0014 0015 0016 0017 0018 
0010 0011 0012 0013 0014 0015 0016 0017 0018 0019 
0011 0012 0013 0014 0015 0016 0017 0018 0019 0020 
0012 0013 0014 0015 0016 0017 0018 0019 0020 0021 
0013 0014 0015 0016 0017 0018 0019 0020 0021 0022 
0014 0015 0016 0017 0018 0019 0020 0021 0022 0023 
0015 0016 0017 0018 0019 0020 0021 0022 0023 0024 

:::700:::
0007 0008 0009 0010 0011 0012 0013 0014 0015 0016 
0008 0009 0010 0011 0012 0013 0014 0015 0016 0017 
0009 0010 0011 0012 0013 0014 0015 0016 0017 0018 
0010 0011 0012 0013 0014 0015 0016 0017 0018 0019 
0011 0012 0013 0014 0015 0016 0017 0018 0019 0020 
0012 0013 0014 0015 0016 0017 0018 0019 0020 0021 
0013 0014 0015 0016 0017 0018 0019 0020 0021 0022 
0014 0015 0016 0017 0018 0019 0020 0021 0022 0023 
0015 0016 0017 0018 0019 0020 0021 0022 0023 0024 
0016 0017 0018 0019 0020 0021 0022 0023 0024 0025 

:::800:::
0008 0009 0010 0011 0012 0013 0014 0015 0016 0017 
0009 0010 0011 0012 0013 0014 0015 0016 0017 0018 
0010 0011 0012 0013 0014 0015 0016 0017 0018 0019 
0011 0012 0013 0014 0015 0016 0017 0018 0019 0020 
0012 0013 0014 0015 0016 0017 0018 0019 0020 0021 
0013 0014 0015 0016 0017 0018 0019 0020 0021 0022 
0014 0015 0016 0017 0018 0019 0020 0021 0022 0023 
0015 0016 0017 0018 0019 0020 0021 0022 0023 0024 
0016 0017 0018 0019 0020 0021 0022 0023 0024 0025 
0017 0018 0019 0020 0021 0022 0023 0024 0025 0026 

:::900:::
0009 0010 0011 0012 0013 0014 0015 0016 0017 0018 
0010 0011 0012 0013 0014 0015 0016 0017 0018 0019 
0011 0012 0013 0014 0015 0016 0017 0018 0019 0020 
0012 0013 0014 0015 0016 0017 0018 0019 0020 0021 
0013 0014 0015 0016 0017 0018 0019 0020 0021 0022 
0014 0015 0016 0017 0018 0019 0020 0021 0022 0023 
0015 0016 0017 0018 0019 0020 0021 0022 0023 0024 
0016 0017 0018 0019 0020 0021 0022 0023 0024 0025 
0017 0018 0019 0020 0021 0022 0023 0024 0025 0026 
0018 0019 0020 0021 0022 0023 0024 0025 0026 0027 

:::1000:::
0001 0002 0003 0004 0005 0006 0007 0008 0009 0010 
0002 0003 0004 0005 0006 0007 0008 0009 0010 0011 
0003 0004 0005 0006 0007 0008 0009 0010 0011 0012 
0004 0005 0006 0007 0008 0009 0010 0011 0012 0013 
0005 0006 0007 0008 0009 0010 0011 0012 0013 0014 
0006 0007 0008 0009 0010 0011 0012 0013 0014 0015 
0007 0008 0009 0010 0011 0012 0013 0014 0015 0016 
0008 0009 0010 0011 0012 0013 0014 0015 0016 0017 
0009 0010 0011 0012 0013 0014 0015 0016 0017 0018 
0010 0011 0012 0013 0014 0015 0016 0017 0018 0019 

:::1100:::
0002 0003 0004 0005 0006 0007 0008 0009 0010 0011 
0003 0004 0005 0006 0007 0008 0009 0010 0011 0012 
0004 0005 0006 0007 0008 0009 0010 0011 0012 0013 
0005 0006 0007 0008 0009 0010 0011 0012 0013 0014 
0006 0007 0008 0009 0010 0011 0012 0013 0014 0015 
0007 0008 0009 0010 0011 0012 0013 0014 0015 0016 
0008 0009 0010 0011 0012 0013 0014 0015 0016 0017 
0009 0010 0011 0012 0013 0014 0015 0016 0017 0018 
0010 0011 0012 0013 0014 0015 0016 0017 0018 0019 
0011 0012 0013 0014 0015 0016 0017 0018 0019 0020 

:::1200:::
0003 0004 0005 0006 0007 0008 0009 0010 0011 0012 
0004 0005 0006 0007 0008 0009 0010 0011 0012 0013 
0005 0006 0007 0008 0009 0010 0011 0012 0013 0014 
0006 0007 0008 0009 0010 0011 0012 0013 0014 0015 
0007 0008 0009 0010 0011 0012 0013 0014 0015 0016 
0008 0009 0010 0011 0012 0013 0014 0015 0016 0017 
0009 0010 0011 0012 0013 0014 0015 0016 0017 0018 
0010 0011 0012 0013 0014 0015 0016 0017 0018 0019 
0011 0012 0013 0014 0015 0016 0017 0018 0019 0020 
0012 0013 0014 0015 0016 0017 0018 0019 0020 0021 

:::1300:::
0004 0005 0006 0007 0008 0009 0010 0011 0012 0013 
0005 0006 0007 0008 0009 0010 0011 0012 0013 0014 
0006 0007 0008 0009 0010 0011 0012 0013 0014 0015 
0007 0008 0009 0010 0011 0012 0013 0014 0015 0016 
0008 0009 0010 0011 0012 0013 0014 0015 0016 0017 
0009 0010 0011 0012 0013 0014 0015 0016 0017 0018 
0010 0011 0012 0013 0014 0015 0016 0017 0018 0019 
0011 0012 0013 0014 0015 0016 0017 0018 0019 0020 
0012 0013 0014 0015 0016 0017 0018 0019 0020 0021 
0013 0014 0015 0016 0017 0018 0019 0020 0021 0022 

:::1400:::
0005 0006 0007 0008 0009 0010 0011 0012 0013 0014 
0006 0007 0008 0009 0010 0011 0012 0013 0014 0015 
0007 0008 0009 0010 0011 0012 0013 0014 0015 0016 
0008 0009 0010 0011 0012 0013 0014 0015 0016 0017 
0009 0010 0011 0012 0013 0014 0015 0016 0017 0018 
0010 0011 0012 0013 0014 0015 0016 0017 0018 0019 
0011 0012 0013 0014 0015 0016 0017 0018 0019 0020 
0012 0013 0014 0015 0016 0017 0018 0019 0020 0021 
0013 0014 0015 0016 0017 0018 0019 0020 0021 0022 
0014 0015 0016 0017 0018 0019 0020 0021 0022 0023 

:::1500:::
0006 0007 0008 0009 0010 0011 0012 0013 0014 0015 
0007 0008 0009 0010 0011 0012 0013 0014 0015 0016 
0008 0009 0010 0011 0012 0013 0014 0015 0016 0017 
0009 0010 0011 0012 0013 0014 0015 0016 0017 0018 
0010 0011 0012 0013 0014 0015 0016 0017 0018 0019 
0011 0012 0013 0014 0015 0016 0017 0018 0019 0020 
0012 0013 0014 0015 0016 0017 0018 0019 0020 0021 
0013 0014 0015 0016 0017 0018 0019 0020 0021 0022 
0014 0015 0016 0017 0018 0019 0020 0021 0022 0023 
0015 0016 0017 0018 0019 0020 0021 0022 0023 0024 

:::1600:::
0007 0008 0009 0010 0011 0012 0013 0014 0015 0016 
0008 0009 0010 0011 0012 0013 0014 0015 0016 0017 
0009 0010 0011 0012 0013 0014 0015 0016 0017 0018 
0010 0011 0012 0013 0014 0015 0016 0017 0018 0019 
0011 0012 0013 0014 0015 0016 0017 0018 0019 0020 
0012 0013 0014 0015 0016 0017 0018 0019 0020 0021 
0013 0014 0015 0016 0017 0018 0019 0020 0021 0022 
0014 0015 0016 0017 0018 0019 0020 0021 0022 0023 
0015 0016 0017 0018 0019 0020 0021 0022 0023 0024 
0016 0017 0018 0019 0020 0021 0022 0023 0024 0025 

:::1700:::
0008 0009 0010 0011 0012 0013 0014 0015 0016 0017 
0009 0010 0011 0012 0013 0014 0015 0016 0017 0018 
0010 0011 0012 0013 0014 0015 0016 0017 0018 0019 
0011 0012 0013 0014 0015 0016 0017 0018 0019 0020 
0012 0013 0014 0015 0016 0017 0018 0019 0020 0021 
0013 0014 0015 0016 0017 0018 0019 0020 0021 0022 
0014 0015 0016 0017 0018 0019 0020 0021 0022 0023 
0015 0016 0017 0018 0019 0020 0021 0022 0023 0024 
0016 0017 0018 0019 0020 0021 0022 0023 0024 0025 
0017 0018 0019 0020 0021 0022 0023 0024 0025 0026 

:::1800:::
0009 0010 0011 0012 0013 0014 0015 0016 0017 0018 
0010 0011 0012 0013 0014 0015 0016 0017 0018 0019 
0011 0012 0013 0014 0015 0016 0017 0018 0019 0020 
0012 0013 0014 0015 0016 0017 0018 0019 0020 0021 
0013 0014 0015 0016 0017 0018 0019 0020 0021 0022 
0014 0015 0016 0017 0018 0019 0020 0021 0022 0023 
0015 0016 0017 0018 0019 0020 0021 0022 0023 0024 
0016 0017 0018 0019 0020 0021 0022 0023 0024 0025 
0017 0018 0019 0020 0021 0022 0023 0024 0025 0026 
0018 0019 0020 0021 0022 0023 0024 0025 0026 0027 

:::1900:::
0010 0011 0012 0013 0014 0015 0016 0017 0018 0019 
0011 0012 0013 0014 0015 0016 0017 0018 0019 0020 
0012 0013 0014 0015 0016 0017 0018 0019 0020 0021 
0013 0014 0015 0016 0017 0018 0019 0020 0021 0022 
0014 0015 0016 0017 0018 0019 0020 0021 0022 0023 
0015 0016 0017 0018 0019 0020 0021 0022 0023 0024 
0016 0017 0018 0019 0020 0021 0022 0023 0024 0025 
0017 0018 0019 0020 0021 0022 0023 0024 0025 0026 
0018 0019 0020 0021 0022 0023 0024 0025 0026 0027 
0019 0020 0021 0022 0023 0024 0025 0026 0027 0028 

:::2000:::
0002 0003 0004 0005 0006 0007 0008 0009 0010 0011 
0003 0004 0005 0006 0007 0008 0009 0010 0011 0012 
0004 0005 0006 0007 0008 0009 0010 0011 0012 0013 
0005 0006 0007 0008 0009 0010 0011 0012 0013 0014 
0006 0007 0008 0009 0010 0011 0012 0013 0014 0015 
0007 0008 0009 0010 0011 0012 0013 0014 0015 0016 
0008 0009 0010 0011 0012 0013 0014 0015 0016 0017 
0009 0010 0011 0012 0013 0014 0015 0016 0017 0018 
0010 0011 0012 0013 0014 0015 0016 0017 0018 0019 
0011 0012 0013 0014 0015 0016 0017 0018 0019 0020 

:::2100:::
0003 0004 0005 0006 0007 0008 0009 0010 0011 0012 
0004 0005 0006 0007 0008 0009 0010 0011 0012 0013 
0005 0006 0007 0008 0009 0010 0011 0012 0013 0014 
0006 0007 0008 0009 0010 0011 0012 0013 0014 0015 
0007 0008 0009 0010 0011 0012 0013 0014 0015 0016 
0008 0009 0010 0011 0012 0013 0014 0015 0016 0017 
0009 0010 0011 0012 0013 0014 0015 0016 0017 0018 
0010 0011 0012 0013 0014 0015 0016 0017 0018 0019 
0011 0012 0013 0014 0015 0016 0017 0018 0019 0020 
0012 0013 0014 0015 0016 0017 0018 0019 0020 0021 

:::2200:::
0004 0005 0006 0007 0008 0009 0010 0011 0012 0013 
0005 0006 0007 0008 0009 0010 0011 0012 0013 0014 
0006 0007 0008 0009 0010 0011 0012 0013 0014 0015 
0007 0008 0009 0010 0011 0012 0013 0014 0015 0016 
0008 0009 0010 0011 0012 0013 0014 0015 0016 0017 
0009 0010 0011 0012 0013 0014 0015 0016 0017 0018 
0010 0011 0012 0013 0014 0015 0016 0017 0018 0019 
0011 0012 0013 0014 0015 0016 0017 0018 0019 0020 
0012 0013 0014 0015 0016 0017 0018 0019 0020 0021 
0013 0014 0015 0016 0017 0018 0019 0020 0021 0022 

:::2300:::
0005 0006 0007 0008 0009 0010 0011 0012 0013 0014 
0006 0007 0008 0009 0010 0011 0012 0013 0014 0015 
0007 0008 0009 0010 0011 0012 0013 0014 0015 0016 
0008 0009 0010 0011 0012 0013 0014 0015 0016 0017 
0009 0010 0011 0012 0013 0014 0015 0016 0017 0018 
0010 0011 0012 0013 0014 0015 0016 0017 0018 0019 
0011 0012 0013 0014 0015 0016 0017 0018 0019 0020 
0012 0013 0014 0015 0016 0017 0018 0019 0020 0021 
0013 0014 0015 0016 0017 0018 0019 0020 0021 0022 
0014 0015 0016 0017 0018 0019 0020 0021 0022 0023 

:::2400:::
0006 0007 0008 0009 0010 0011 0012 0013 0014 0015 
0007 0008 0009 0010 0011 0012 0013 0014 0015 0016 
0008 0009 0010 0011 0012 0013 0014 0015 0016 0017 
0009 0010 0011 0012 0013 0014 0015 0016 0017 0018 
0010 0011 0012 0013 0014 0015 0016 0017 0018 0019 
0011 0012 0013 0014 0015 0016 0017 0018 0019 0020 
0012 0013 0014 0015 0016 0017 0018 0019 0020 0021 
0013 0014 0015 0016 0017 0018 0019 0020 0021 0022 
0014 0015 0016 0017 0018 0019 0020 0021 0022 0023 
0015 0016 0017 0018 0019 0020 0021 0022 0023 0024 

:::2500:::
0007 0008 0009 0010 0011 0012 0013 0014 0015 0016 
0008 0009 0010 0011 0012 0013 0014 0015 0016 0017 
0009 0010 0011 0012 0013 0014 0015 0016 0017 0018 
0010 0011 0012 0013 0014 0015 0016 0017 0018 0019 
0011 0012 0013 0014 0015 0016 0017 0018 0019 0020 
0012 0013 0014 0015 0016 0017 0018 0019 0020 0021 
0013 0014 0015 0016 0017 0018 0019 0020 0021 0022 
0014 0015 0016 0017 0018 0019 0020 0021 0022 0023 
0015 0016 0017 0018 0019 0020 0021 0022 0023 0024 
0016 0017 0018 0019 0020 0021 0022 0023 0024 0025 

:::2600:::
0008 0009 0010 0011 0012 0013 0014 0015 0016 0017 
0009 0010 0011 0012 0013 0014 0015 0016 0017 0018 
0010 0011 0012 0013 0014 0015 0016 0017 0018 0019 
0011 0012 0013 0014 0015 0016 0017 0018 0019 0020 
0012 0013 0014 0015 0016 0017 0018 0019 0020 0021 
0013 0014 0015 0016 0017 0018 0019 0020 0021 0022 
0014 0015 0016 0017 0018 0019 0020 0021 0022 0023 
0015 0016 0017 0018 0019 0020 0021 0022 0023 0024 
0016 0017 0018 0019 0020 0021 0022 0023 0024 0025 
0017 0018 0019 0020 0021 0022 0023 0024 0025 0026 

:::2700:::
0009 0010 0011 0012 0013 0014 0015 0016 0017 0018 
0010 0011 0012 0013 0014 0015 0016 0017 0018 0019 
0011 0012 0013 0014 0015 0016 0017 0018 0019 0020 
0012 0013 0014 0015 0016 0017 0018 0019 0020 0021 
0013 0014 0015 0016 0017 0018 0019 0020 0021 0022 
0014 0015 0016 0017 0018 0019 0020 0021 0022 0023 
0015 0016 0017 0018 0019 0020 0021 0022 0023 0024 
0016 0017 0018 0019 0020 0021 0022 0023 0024 0025 
0017 0018 0019 0020 0021 0022 0023 0024 0025 0026 
0018 0019 0020 0021 0022 0023 0024 0025 0026 0027 

:::2800:::
0010 0011 0012 0013 0014 0015 0016 0017 0018 0019 
0011 0012 0013 0014 0015 0016 0017 0018 0019 0020 
0012 0013 0014 0015 0016 0017 0018 0019 0020 0021 
0013 0014 0015 0016 0017 0018 0019 0020 0021 0022 
0014 0015 0016 0017 0018 0019 0020 0021 0022 0023 
0015 0016 0017 0018 0019 0020 0021 0022 0023 0024 
0016 0017 0018 0019 0020 0021 0022 0023 0024 0025 
0017 0018 0019 0020 0021 0022 0023 0024 0025 0026 
0018 0019 0020 0021 0022 0023 0024 0025 0026 0027 
0019 0020 0021 0022 0023 0024 0025 0026 0027 0028 

:::2900:::
0011 0012 0013 0014 0015 0016 0017 0018 0019 0020 
0012 0013 0014 0015 0016 0017 0018 0019 0020 0021 
0013 0014 0015 0016 0017 0018 0019 0020 0021 0022 
0014 0015 0016 0017 0018 0019 0020 0021 0022 0023 
0015 0016 0017 0018 0019 0020 0021 0022 0023 0024 
0016 0017 0018 0019 0020 0021 0022 0023 0024 0025 
0017 0018 0019 0020 0021 0022 0023 0024 0025 0026 
0018 0019 0020 0021 0022 0023 0024 0025 0026 0027 
0019 0020 0021 0022 0023 0024 0025 0026 0027 0028 
0020 0021 0022 0023 0024 0025 0026 0027 0028 0029 

:::3000:::
0003 0004 0005 0006 0007 0008 0009 0010 0011 0012 
0004 0005 0006 0007 0008 0009 0010 0011 0012 0013 
0005 0006 0007 0008 0009 0010 0011 0012 0013 0014 
0006 0007 0008 0009 0010 0011 0012 0013 0014 0015 
0007 0008 0009 0010 0011 0012 0013 0014 0015 0016 
0008 0009 0010 0011 0012 0013 0014 0015 0016 0017 
0009 0010 0011 0012 0013 0014 0015 0016 0017 0018 
0010 0011 0012 0013 0014 0015 0016 0017 0018 0019 
0011 0012 0013 0014 0015 0016 0017 0018 0019 0020 
0012 0013 0014 0015 0016 0017 0018 0019 0020 0021 

:::3100:::
0004 0005 0006 0007 0008 0009 0010 0011 0012 0013 
0005 0006 0007 0008 0009 0010 0011 0012 0013 0014 
0006 0007 0008 0009 0010 0011 0012 0013 0014 0015 
0007 0008 0009 0010 0011 0012 0013 0014 0015 0016 
0008 0009 0010 0011 0012 0013 0014 0015 0016 0017 
0009 0010 0011 0012 0013 0014 0015 0016 0017 0018 
0010 0011 0012 0013 0014 0015 0016 0017 0018 0019 
0011 0012 0013 0014 0015 0016 0017 0018 0019 0020 
0012 0013 0014 0015 0016 0017 0018 0019 0020 0021 
0013 0014 0015 0016 0017 0018 0019 0020 0021 0022 

:::3200:::
0005 0006 0007 0008 0009 0010 0011 0012 0013 0014 
0006 0007 0008 0009 0010 0011 0012 0013 0014 0015 
0007 0008 0009 0010 0011 0012 0013 0014 0015 0016 
0008 0009 0010 0011 0012 0013 0014 0015 0016 0017 
0009 0010 0011 0012 0013 0014 0015 0016 0017 0018 
0010 0011 0012 0013 0014 0015 0016 0017 0018 0019 
0011 0012 0013 0014 0015 0016 0017 0018 0019 0020 
0012 0013 0014 0015 0016 0017 0018 0019 0020 0021 
0013 0014 0015 0016 0017 0018 0019 0020 0021 0022 
0014 0015 0016 0017 0018 0019 0020 0021 0022 0023 

:::3300:::
0006 0007 0008 0009 0010 0011 0012 0013 0014 0015 
0007 0008 0009 0010 0011 0012 0013 0014 0015 0016 
0008 0009 0010 0011 0012 0013 0014 0015 0016 0017 
0009 0010 0011 0012 0013 0014 0015 0016 0017 0018 
0010 0011 0012 0013 0014 0015 0016 0017 0018 0019 
0011 0012 0013 0014 0015 0016 0017 0018 0019 0020 
0012 0013 0014 0015 0016 0017 0018 0019 0020 0021 
0013 0014 0015 0016 0017 0018 0019 0020 0021 0022 
0014 0015 0016 0017 0018 0019 0020 0021 0022 0023 
0015 0016 0017 0018 0019 0020 0021 0022 0023 0024 

:::3400:::
0007 0008 0009 0010 0011 0012 0013 0014 0015 0016 
0008 0009 0010 0011 0012 0013 0014 0015 0016 0017 
0009 0010 0011 0012 0013 0014 0015 0016 0017 0018 
0010 0011 0012 0013 0014 0015 0016 0017 0018 0019 
0011 0012 0013 0014 0015 0016 0017 0018 0019 0020 
0012 0013 0014 0015 0016 0017 0018 0019 0020 0021 
0013 0014 0015 0016 0017 0018 0019 0020 0021 0022 
0014 0015 0016 0017 0018 0019 0020 0021 0022 0023 
0015 0016 0017 0018 0019 0020 0021 0022 0023 0024 
0016 0017 0018 0019 0020 0021 0022 0023 0024 0025 

:::3500:::
0008 0009 0010 0011 0012 0013 0014 0015 0016 0017 
0009 0010 0011 0012 0013 0014 0015 0016 0017 0018 
0010 0011 0012 0013 0014 0015 0016 0017 0018 0019 
0011 0012 0013 0014 0015 0016 0017 0018 0019 0020 
0012 0013 0014 0015 0016 0017 0018 0019 0020 0021 
0013 0014 0015 0016 0017 0018 0019 0020 0021 0022 
0014 0015 0016 0017 0018 0019 0020 0021 0022 0023 
0015 0016 0017 0018 0019 0020 0021 0022 0023 0024 
0016 0017 0018 0019 0020 0021 0022 0023 0024 0025 
0017 0018 0019 0020 0021 0022 0023 0024 0025 0026 

:::3600:::
0009 0010 0011 0012 0013 0014 0015 0016 0017 0018 
0010 0011 0012 0013 0014 0015 0016 0017 0018 0019 
0011 0012 0013 0014 0015 0016 0017 0018 0019 0020 
0012 0013 0014 0015 0016 0017 0018 0019 0020 0021 
0013 0014 0015 0016 0017 0018 0019 0020 0021 0022 
0014 0015 0016 0017 0018 0019 0020 0021 0022 0023 
0015 0016 0017 0018 0019 0020 0021 0022 0023 0024 
0016 0017 0018 0019 0020 0021 0022 0023 0024 0025 
0017 0018 0019 0020 0021 0022 0023 0024 0025 0026 
0018 0019 0020 0021 0022 0023 0024 0025 0026 0027 

:::3700:::
0010 0011 0012 0013 0014 0015 0016 0017 0018 0019 
0011 0012 0013 0014 0015 0016 0017 0018 0019 0020 
0012 0013 0014 0015 0016 0017 0018 0019 0020 0021 
0013 0014 0015 0016 0017 0018 0019 0020 0021 0022 
0014 0015 0016 0017 0018 0019 0020 0021 0022 0023 
0015 0016 0017 0018 0019 0020 0021 0022 0023 0024 
0016 0017 0018 0019 0020 0021 0022 0023 0024 0025 
0017 0018 0019 0020 0021 0022 0023 0024 0025 0026 
0018 0019 0020 0021 0022 0023 0024 0025 0026 0027 
0019 0020 0021 0022 0023 0024 0025 0026 0027 0028 

:::3800:::
0011 0012 0013 0014 0015 0016 0017 0018 0019 0020 
0012 0013 0014 0015 0016 0017 0018 0019 0020 0021 
0013 0014 0015 0016 0017 0018 0019 0020 0021 0022 
0014 0015 0016 0017 0018 0019 0020 0021 0022 0023 
0015 0016 0017 0018 0019 0020 0021 0022 0023 0024 
0016 0017 0018 0019 0020 0021 0022 0023 0024 0025 
0017 0018 0019 0020 0021 0022 0023 0024 0025 0026 
0018 0019 0020 0021 0022 0023 0024 0025 0026 0027 
0019 0020 0021 0022 0023 0024 0025 0026 0027 0028 
0020 0021 0022 0023 0024 0025 0026 0027 0028 0029 

:::3900:::
0012 0013 0014 0015 0016 0017 0018 0019 0020 0021 
0013 0014 0015 0016 0017 0018 0019 0020 0021 0022 
0014 0015 0016 0017 0018 0019 0020 0021 0022 0023 
0015 0016 0017 0018 0019 0020 0021 0022 0023 0024 
0016 0017 0018 0019 0020 0021 0022 0023 0024 0025 
0017 0018 0019 0020 0021 0022 0023 0024 0025 0026 
0018 0019 0020 0021 0022 0023 0024 0025 0026 0027 
0019 0020 0021 0022 0023 0024 0025 0026 0027 0028 
0020 0021 0022 0023 0024 0025 0026 0027 0028 0029 
0021 0022 0023 0024 0025 0026 0027 0028 0029 0030 

:::4000:::
0004 0005 0006 0007 0008 0009 0010 0011 0012 0013 
0005 0006 0007 0008 0009 0010 0011 0012 0013 0014 
0006 0007 0008 0009 0010 0011 0012 0013 0014 0015 
0007 0008 0009 0010 0011 0012 0013 0014 0015 0016 
0008 0009 0010 0011 0012 0013 0014 0015 0016 0017 
0009 0010 0011 0012 0013 0014 0015 0016 0017 0018 
0010 0011 0012 0013 0014 0015 0016 0017 0018 0019 
0011 0012 0013 0014 0015 0016 0017 0018 0019 0020 
0012 0013 0014 0015 0016 0017 0018 0019 0020 0021 
0013 0014 0015 0016 0017 0018 0019 0020 0021 0022 

:::4100:::
0005 0006 0007 0008 0009 0010 0011 0012 0013 0014 
0006 0007 0008 0009 0010 0011 0012 0013 0014 0015 
0007 0008 0009 0010 0011 0012 0013 0014 0015 0016 
0008 0009 0010 0011 0012 0013 0014 0015 0016 0017 
0009 0010 0011 0012 0013 0014 0015 0016 0017 0018 
0010 0011 0012 0013 0014 0015 0016 0017 0018 0019 
0011 0012 0013 0014 0015 0016 0017 0018 0019 0020 
0012 0013 0014 0015 0016 0017 0018 0019 0020 0021 
0013 0014 0015 0016 0017 0018 0019 0020 0021 0022 
0014 0015 0016 0017 0018 0019 0020 0021 0022 0023 

:::4200:::
0006 0007 0008 0009 0010 0011 0012 0013 0014 0015 
0007 0008 0009 0010 0011 0012 0013 0014 0015 0016 
0008 0009 0010 0011 0012 0013 0014 0015 0016 0017 
0009 0010 0011 0012 0013 0014 0015 0016 0017 0018 
0010 0011 0012 0013 0014 0015 0016 0017 0018 0019 
0011 0012 0013 0014 0015 0016 0017 0018 0019 0020 
0012 0013 0014 0015 0016 0017 0018 0019 0020 0021 
0013 0014 0015 0016 0017 0018 0019 0020 0021 0022 
0014 0015 0016 0017 0018 0019 0020 0021 0022 0023 
0015 0016 0017 0018 0019 0020 0021 0022 0023 0024 

:::4300:::
0007 0008 0009 0010 0011 0012 0013 0014 0015 0016 
0008 0009 0010 0011 0012 0013 0014 0015 0016 0017 
0009 0010 0011 0012 0013 0014 0015 0016 0017 0018 
0010 0011 0012 0013 0014 0015 0016 0017 0018 0019 
0011 0012 0013 0014 0015 0016 0017 0018 0019 0020 
0012 0013 0014 0015 0016 0017 0018 0019 0020 0021 
0013 0014 0015 0016 0017 0018 0019 0020 0021 0022 
0014 0015 0016 0017 0018 0019 0020 0021 0022 0023 
0015 0016 0017 0018 0019 0020 0021 0022 0023 0024 
0016 0017 0018 0019 0020 0021 0022 0023 0024 0025 

:::4400:::
0008 0009 0010 0011 0012 0013 0014 0015 0016 0017 
0009 0010 0011 0012 0013 0014 0015 0016 0017 0018 
0010 0011 0012 0013 0014 0015 0016 0017 0018 0019 
0011 0012 0013 0014 0015 0016 0017 0018 0019 0020 
0012 0013 0014 0015 0016 0017 0018 0019 0020 0021 
0013 0014 0015 0016 0017 0018 0019 0020 0021 0022 
0014 0015 0016 0017 0018 0019 0020 0021 0022 0023 
0015 0016 0017 0018 0019 0020 0021 0022 0023 0024 
0016 0017 0018 0019 0020 0021 0022 0023 0024 0025 
0017 0018 0019 0020 0021 0022 0023 0024 0025 0026 

:::4500:::
0009 0010 0011 0012 0013 0014 0015 0016 0017 0018 
0010 0011 0012 0013 0014 0015 0016 0017 0018 0019 
0011 0012 0013 0014 0015 0016 0017 0018 0019 0020 
0012 0013 0014 0015 0016 0017 0018 0019 0020 0021 
0013 0014 0015 0016 0017 0018 0019 0020 0021 0022 
0014 0015 0016 0017 0018 0019 0020 0021 0022 0023 
0015 0016 0017 0018 0019 0020 0021 0022 0023 0024 
0016 0017 0018 0019 0020 0021 0022 0023 0024 0025 
0017 0018 0019 0020 0021 0022 0023 0024 0025 0026 
0018 0019 0020 0021 0022 0023 0024 0025 0026 0027 

:::4600:::
0010 0011 0012 0013 0014 0015 0016 0017 0018 0019 
0011 0012 0013 0014 0015 0016 0017 0018 0019 0020 
0012 0013 0014 0015 0016 0017 0018 0019 0020 0021 
0013 0014 0015 0016 0017 0018 0019 0020 0021 0022 
0014 0015 0016 0017 0018 0019 0020 0021 0022 0023 
0015 0016 0017 0018 0019 0020 0021 0022 0023 0024 
0016 0017 0018 0019 0020 0021 0022 0023 0024 0025 
0017 0018 0019 0020 0021 0022 0023 0024 0025 0026 
0018 0019 0020 0021 0022 0023 0024 0025 0026 0027 
0019 0020 0021 0022 0023 0024 0025 0026 0027 0028 

:::4700:::
0011 0012 0013 0014 0015 0016 0017 0018 0019 0020 
0012 0013 0014 0015 0016 0017 0018 0019 0020 0021 
0013 0014 0015 0016 0017 0018 0019 0020 0021 0022 
0014 0015 0016 0017 0018 0019 0020 0021 0022 0023 
0015 0016 0017 0018 0019 0020 0021 0022 0023 0024 
0016 0017 0018 0019 0020 0021 0022 0023 0024 0025 
0017 0018 0019 0020 0021 0022 0023 0024 0025 0026 
0018 0019 0020 0021 0022 0023 0024 0025 0026 0027 
0019 0020 0021 0022 0023 0024 0025 0026 0027 0028 
0020 0021 0022 0023 0024 0025 0026 0027 0028 0029 

:::4800:::
0012 0013 0014 0015 0016 0017 0018 0019 0020 0021 
0013 0014 0015 0016 0017 0018 0019 0020 0021 0022 
0014 0015 0016 0017 0018 0019 0020 0021 0022 0023 
0015 0016 0017 0018 0019 0020 0021 0022 0023 0024 
0016 0017 0018 0019 0020 0021 0022 0023 0024 0025 
0017 0018 0019 0020 0021 0022 0023 0024 0025 0026 
0018 0019 0020 0021 0022 0023 0024 0025 0026 0027 
0019 0020 0021 0022 0023 0024 0025 0026 0027 0028 
0020 0021 0022 0023 0024 0025 0026 0027 0028 0029 
0021 0022 0023 0024 0025 0026 0027 0028 0029 0030 

:::4900:::
0013 0014 0015 0016 0017 0018 0019 0020 0021 0022 
0014 0015 0016 0017 0018 0019 0020 0021 0022 0023 
0015 0016 0017 0018 0019 0020 0021 0022 0023 0024 
0016 0017 0018 0019 0020 0021 0022 0023 0024 0025 
0017 0018 0019 0020 0021 0022 0023 0024 0025 0026 
0018 0019 0020 0021 0022 0023 0024 0025 0026 0027 
0019 0020 0021 0022 0023 0024 0025 0026 0027 0028 
0020 0021 0022 0023 0024 0025 0026 0027 0028 0029 
0021 0022 0023 0024 0025 0026 0027 0028 0029 0030 
0022 0023 0024 0025 0026 0027 0028 0029 0030 0031 

:::5000:::
0005 0006 0007 0008 0009 0010 0011 0012 0013 0014 
0006 0007 0008 0009 0010 0011 0012 0013 0014 0015 
0007 0008 0009 0010 0011 0012 0013 0014 0015 0016 
0008 0009 0010 0011 0012 0013 0014 0015 0016 0017 
0009 0010 0011 0012 0013 0014 0015 0016 0017 0018 
0010 0011 0012 0013 0014 0015 0016 0017 0018 0019 
0011 0012 0013 0014 0015 0016 0017 0018 0019 0020 
0012 0013 0014 0015 0016 0017 0018 0019 0020 0021 
0013 0014 0015 0016 0017 0018 0019 0020 0021 0022 
0014 0015 0016 0017 0018 0019 0020 0021 0022 0023 

:::5100:::
0006 0007 0008 0009 0010 0011 0012 0013 0014 0015 
0007 0008 0009 0010 0011 0012 0013 0014 0015 0016 
0008 0009 0010 0011 0012 0013 0014 0015 0016 0017 
0009 0010 0011 0012 0013 0014 0015 0016 0017 0018 
0010 0011 0012 0013 0014 0015 0016 0017 0018 0019 
0011 0012 0013 0014 0015 0016 0017 0018 0019 0020 
0012 0013 0014 0015 0016 0017 0018 0019 0020 0021 
0013 0014 0015 0016 0017 0018 0019 0020 0021 0022 
0014 0015 0016 0017 0018 0019 0020 0021 0022 0023 
0015 0016 0017 0018 0019 0020 0021 0022 0023 0024 

:::5200:::
0007 0008 0009 0010 0011 0012 0013 0014 0015 0016 
0008 0009 0010 0011 0012 0013 0014 0015 0016 0017 
0009 0010 0011 0012 0013 0014 0015 0016 0017 0018 
0010 0011 0012 0013 0014 0015 0016 0017 0018 0019 
0011 0012 0013 0014 0015 0016 0017 0018 0019 0020 
0012 0013 0014 0015 0016 0017 0018 0019 0020 0021 
0013 0014 0015 0016 0017 0018 0019 0020 0021 0022 
0014 0015 0016 0017 0018 0019 0020 0021 0022 0023 
0015 0016 0017 0018 0019 0020 0021 0022 0023 0024 
0016 0017 0018 0019 0020 0021 0022 0023 0024 0025 

:::5300:::
0008 0009 0010 0011 0012 0013 0014 0015 0016 0017 
0009 0010 0011 0012 0013 0014 0015 0016 0017 0018 
0010 0011 0012 0013 0014 0015 0016 0017 0018 0019 
0011 0012 0013 0014 0015 0016 0017 0018 0019 0020 
0012 0013 0014 0015 0016 0017 0018 0019 0020 0021 
0013 0014 0015 0016 0017 0018 0019 0020 0021 0022 
0014 0015 0016 0017 0018 0019 0020 0021 0022 0023 
0015 0016 0017 0018 0019 0020 0021 0022 0023 0024 
0016 0017 0018 0019 0020 0021 0022 0023 0024 0025 
0017 0018 0019 0020 0021 0022 0023 0024 0025 0026 

:::5400:::
0009 0010 0011 0012 0013 0014 0015 0016 0017 0018 
0010 0011 0012 0013 0014 0015 0016 0017 0018 0019 
0011 0012 0013 0014 0015 0016 0017 0018 0019 0020 
0012 0013 0014 0015 0016 0017 0018 0019 0020 0021 
0013 0014 0015 0016 0017 0018 0019 0020 0021 0022 
0014 0015 0016 0017 0018 0019 0020 0021 0022 0023 
0015 0016 0017 0018 0019 0020 0021 0022 0023 0024 
0016 0017 0018 0019 0020 0021 0022 0023 0024 0025 
0017 0018 0019 0020 0021 0022 0023 0024 0025 0026 
0018 0019 0020 0021 0022 0023 0024 0025 0026 0027 

:::5500:::
0010 0011 0012 0013 0014 0015 0016 0017 0018 0019 
0011 0012 0013 0014 0015 0016 0017 0018 0019 0020 
0012 0013 0014 0015 0016 0017 0018 0019 0020 0021 
0013 0014 0015 0016 0017 0018 0019 0020 0021 0022 
0014 0015 0016 0017 0018 0019 0020 0021 0022 0023 
0015 0016 0017 0018 0019 0020 0021 0022 0023 0024 
0016 0017 0018 0019 0020 0021 0022 0023 0024 0025 
0017 0018 0019 0020 0021 0022 0023 0024 0025 0026 
0018 0019 0020 0021 0022 0023 0024 0025 0026 0027 
0019 0020 0021 0022 0023 0024 0025 0026 0027 0028 

:::5600:::
0011 0012 0013 0014 0015 0016 0017 0018 0019 0020 
0012 0013 0014 0015 0016 0017 0018 0019 0020 0021 
0013 0014 0015 0016 0017 0018 0019 0020 0021 0022 
0014 0015 0016 0017 0018 0019 0020 0021 0022 0023 
0015 0016 0017 0018 0019 0020 0021 0022 0023 0024 
0016 0017 0018 0019 0020 0021 0022 0023 0024 0025 
0017 0018 0019 0020 0021 0022 0023 0024 0025 0026 
0018 0019 0020 0021 0022 0023 0024 0025 0026 0027 
0019 0020 0021 0022 0023 0024 0025 0026 0027 0028 
0020 0021 0022 0023 0024 0025 0026 0027 0028 0029 

:::5700:::
0012 0013 0014 0015 0016 0017 0018 0019 0020 0021 
0013 0014 0015 0016 0017 0018 0019 0020 0021 0022 
0014 0015 0016 0017 0018 0019 0020 0021 0022 0023 
0015 0016 0017 0018 0019 0020 0021 0022 0023 0024 
0016 0017 0018 0019 0020 0021 0022 0023 0024 0025 
0017 0018 0019 0020 0021 0022 0023 0024 0025 0026 
0018 0019 0020 0021 0022 0023 0024 0025 0026 0027 
0019 0020 0021 0022 0023 0024 0025 0026 0027 0028 
0020 0021 0022 0023 0024 0025 0026 0027 0028 0029 
0021 0022 0023 0024 0025 0026 0027 0028 0029 0030 

:::5800:::
0013 0014 0015 0016 0017 0018 0019 0020 0021 0022 
0014 0015 0016 0017 0018 0019 0020 0021 0022 0023 
0015 0016 0017 0018 0019 0020 0021 0022 0023 0024 
0016 0017 0018 0019 0020 0021 0022 0023 0024 0025 
0017 0018 0019 0020 0021 0022 0023 0024 0025 0026 
0018 0019 0020 0021 0022 0023 0024 0025 0026 0027 
0019 0020 0021 0022 0023 0024 0025 0026 0027 0028 
0020 0021 0022 0023 0024 0025 0026 0027 0028 0029 
0021 0022 0023 0024 0025 0026 0027 0028 0029 0030 
0022 0023 0024 0025 0026 0027 0028 0029 0030 0031 

:::5900:::
0014 0015 0016 0017 0018 0019 0020 0021 0022 0023 
0015 0016 0017 0018 0019 0020 0021 0022 0023 0024 
0016 0017 0018 0019 0020 0021 0022 0023 0024 0025 
0017 0018 0019 0020 0021 0022 0023 0024 0025 0026 
0018 0019 0020 0021 0022 0023 0024 0025 0026 0027 
0019 0020 0021 0022 0023 0024 0025 0026 0027 0028 
0020 0021 0022 0023 0024 0025 0026 0027 0028 0029 
0021 0022 0023 0024 0025 0026 0027 0028 0029 0030 
0022 0023 0024 0025 0026 0027 0028 0029 0030 0031 
0023 0024 0025 0026 0027 0028 0029 0030 0031 0032 

:::6000:::
0006 0007 0008 0009 0010 0011 0012 0013 0014 0015 
0007 0008 0009 0010 0011 0012 0013 0014 0015 0016 
0008 0009 0010 0011 0012 0013 0014 0015 0016 0017 
0009 0010 0011 0012 0013 0014 0015 0016 0017 0018 
0010 0011 0012 0013 0014 0015 0016 0017 0018 0019 
0011 0012 0013 0014 0015 0016 0017 0018 0019 0020 
0012 0013 0014 0015 0016 0017 0018 0019 0020 0021 
0013 0014 0015 0016 0017 0018 0019 0020 0021 0022 
0014 0015 0016 0017 0018 0019 0020 0021 0022 0023 
0015 0016 0017 0018 0019 0020 0021 0022 0023 0024 

:::6100:::
0007 0008 0009 0010 0011 0012 0013 0014 0015 0016 
0008 0009 0010 0011 0012 0013 0014 0015 0016 0017 
0009 0010 0011 0012 0013 0014 0015 0016 0017 0018 
0010 0011 0012 0013 0014 0015 0016 0017 0018 0019 
0011 0012 0013 0014 0015 0016 0017 0018 0019 0020 
0012 0013 0014 0015 0016 0017 0018 0019 0020 0021 
0013 0014 0015 0016 0017 0018 0019 0020 0021 0022 
0014 0015 0016 0017 0018 0019 0020 0021 0022 0023 
0015 0016 0017 0018 0019 0020 0021 0022 0023 0024 
0016 0017 0018 0019 0020 0021 0022 0023 0024 0025 

:::6200:::
0008 0009 0010 0011 0012 0013 0014 0015 0016 0017 
0009 0010 0011 0012 0013 0014 0015 0016 0017 0018 
0010 0011 0012 0013 0014 0015 0016 0017 0018 0019 
0011 0012 0013 0014 0015 0016 0017 0018 0019 0020 
0012 0013 0014 0015 0016 0017 0018 0019 0020 0021 
0013 0014 0015 0016 0017 0018 0019 0020 0021 0022 
0014 0015 0016 0017 0018 0019 0020 0021 0022 0023 
0015 0016 0017 0018 0019 0020 0021 0022 0023 0024 
0016 0017 0018 0019 0020 0021 0022 0023 0024 0025 
0017 0018 0019 0020 0021 0022 0023 0024 0025 0026 

:::6300:::
0009 0010 0011 0012 0013 0014 0015 0016 0017 0018 
0010 0011 0012 0013 0014 0015 0016 0017 0018 0019 
0011 0012 0013 0014 0015 0016 0017 0018 0019 0020 
0012 0013 0014 0015 0016 0017 0018 0019 0020 0021 
0013 0014 0015 0016 0017 0018 0019 0020 0021 0022 
0014 0015 0016 0017 0018 0019 0020 0021 0022 0023 
0015 0016 0017 0018 0019 0020 0021 0022 0023 0024 
0016 0017 0018 0019 0020 0021 0022 0023 0024 0025 
0017 0018 0019 0020 0021 0022 0023 0024 0025 0026 
0018 0019 0020 0021 0022 0023 0024 0025 0026 0027 

:::6400:::
0010 0011 0012 0013 0014 0015 0016 0017 0018 0019 
0011 0012 0013 0014 0015 0016 0017 0018 0019 0020 
0012 0013 0014 0015 0016 0017 0018 0019 0020 0021 
0013 0014 0015 0016 0017 0018 0019 0020 0021 0022 
0014 0015 0016 0017 0018 0019 0020 0021 0022 0023 
0015 0016 0017 0018 0019 0020 0021 0022 0023 0024 
0016 0017 0018 0019 0020 0021 0022 0023 0024 0025 
0017 0018 0019 0020 0021 0022 0023 0024 0025 0026 
0018 0019 0020 0021 0022 0023 0024 0025 0026 0027 
0019 0020 0021 0022 0023 0024 0025 0026 0027 0028 

:::6500:::
0011 0012 0013 0014 0015 0016 0017 0018 0019 0020 
0012 0013 0014 0015 0016 0017 0018 0019 0020 0021 
0013 0014 0015 0016 0017 0018 0019 0020 0021 0022 
0014 0015 0016 0017 0018 0019 0020 0021 0022 0023 
0015 0016 0017 0018 0019 0020 0021 0022 0023 0024 
0016 0017 0018 0019 0020 0021 0022 0023 0024 0025 
0017 0018 0019 0020 0021 0022 0023 0024 0025 0026 
0018 0019 0020 0021 0022 0023 0024 0025 0026 0027 
0019 0020 0021 0022 0023 0024 0025 0026 0027 0028 
0020 0021 0022 0023 0024 0025 0026 0027 0028 0029 

:::6600:::
0012 0013 0014 0015 0016 0017 0018 0019 0020 0021 
0013 0014 0015 0016 0017 0018 0019 0020 0021 0022 
0014 0015 0016 0017 0018 0019 0020 0021 0022 0023 
0015 0016 0017 0018 0019 0020 0021 0022 0023 0024 
0016 0017 0018 0019 0020 0021 0022 0023 0024 0025 
0017 0018 0019 0020 0021 0022 0023 0024 0025 0026 
0018 0019 0020 0021 0022 0023 0024 0025 0026 0027 
0019 0020 0021 0022 0023 0024 0025 0026 0027 0028 
0020 0021 0022 0023 0024 0025 0026 0027 0028 0029 
0021 0022 0023 0024 0025 0026 0027 0028 0029 0030 

:::6700:::
0013 0014 0015 0016 0017 0018 0019 0020 0021 0022 
0014 0015 0016 0017 0018 0019 0020 0021 0022 0023 
0015 0016 0017 0018 0019 0020 0021 0022 0023 0024 
0016 0017 0018 0019 0020 0021 0022 0023 0024 0025 
0017 0018 0019 0020 0021 0022 0023 0024 0025 0026 
0018 0019 0020 0021 0022 0023 0024 0025 0026 0027 
0019 0020 0021 0022 0023 0024 0025 0026 0027 0028 
0020 0021 0022 0023 0024 0025 0026 0027 0028 0029 
0021 0022 0023 0024 0025 0026 0027 0028 0029 0030 
0022 0023 0024 0025 0026 0027 0028 0029 0030 0031 

:::6800:::
0014 0015 0016 0017 0018 0019 0020 0021 0022 0023 
0015 0016 0017 0018 0019 0020 0021 0022 0023 0024 
0016 0017 0018 0019 0020 0021 0022 0023 0024 0025 
0017 0018 0019 0020 0021 0022 0023 0024 0025 0026 
0018 0019 0020 0021 0022 0023 0024 0025 0026 0027 
0019 0020 0021 0022 0023 0024 0025 0026 0027 0028 
0020 0021 0022 0023 0024 0025 0026 0027 0028 0029 
0021 0022 0023 0024 0025 0026 0027 0028 0029 0030 
0022 0023 0024 0025 0026 0027 0028 0029 0030 0031 
0023 0024 0025 0026 0027 0028 0029 0030 0031 0032 

:::6900:::
0015 0016 0017 0018 0019 0020 0021 0022 0023 0024 
0016 0017 0018 0019 0020 0021 0022 0023 0024 0025 
0017 0018 0019 0020 0021 0022 0023 0024 0025 0026 
0018 0019 0020 0021 0022 0023 0024 0025 0026 0027 
0019 0020 0021 0022 0023 0024 0025 0026 0027 0028 
0020 0021 0022 0023 0024 0025 0026 0027 0028 0029 
0021 0022 0023 0024 0025 0026 0027 0028 0029 0030 
0022 0023 0024 0025 0026 0027 0028 0029 0030 0031 
0023 0024 0025 0026 0027 0028 0029 0030 0031 0032 
0024 0025 0026 0027 0028 0029 0030 0031 0032 0033 

:::7000:::
0007 0008 0009 0010 0011 0012 0013 0014 0015 0016 
0008 0009 0010 0011 0012 0013 0014 0015 0016 0017 
0009 0010 0011 0012 0013 0014 0015 0016 0017 0018 
0010 0011 0012 0013 0014 0015 0016 0017 0018 0019 
0011 0012 0013 0014 0015 0016 0017 0018 0019 0020 
0012 0013 0014 0015 0016 0017 0018 0019 0020 0021 
0013 0014 0015 0016 0017 0018 0019 0020 0021 0022 
0014 0015 0016 0017 0018 0019 0020 0021 0022 0023 
0015 0016 0017 0018 0019 0020 0021 0022 0023 0024 
0016 0017 0018 0019 0020 0021 0022 0023 0024 0025 

:::7100:::
0008 0009 0010 0011 0012 0013 0014 0015 0016 0017 
0009 0010 0011 0012 0013 0014 0015 0016 0017 0018 
0010 0011 0012 0013 0014 0015 0016 0017 0018 0019 
0011 0012 0013 0014 0015 0016 0017 0018 0019 0020 
0012 0013 0014 0015 0016 0017 0018 0019 0020 0021 
0013 0014 0015 0016 0017 0018 0019 0020 0021 0022 
0014 0015 0016 0017 0018 0019 0020 0021 0022 0023 
0015 0016 0017 0018 0019 0020 0021 0022 0023 0024 
0016 0017 0018 0019 0020 0021 0022 0023 0024 0025 
0017 0018 0019 0020 0021 0022 0023 0024 0025 0026 

:::7200:::
0009 0010 0011 0012 0013 0014 0015 0016 0017 0018 
0010 0011 0012 0013 0014 0015 0016 0017 0018 0019 
0011 0012 0013 0014 0015 0016 0017 0018 0019 0020 
0012 0013 0014 0015 0016 0017 0018 0019 0020 0021 
0013 0014 0015 0016 0017 0018 0019 0020 0021 0022 
0014 0015 0016 0017 0018 0019 0020 0021 0022 0023 
0015 0016 0017 0018 0019 0020 0021 0022 0023 0024 
0016 0017 0018 0019 0020 0021 0022 0023 0024 0025 
0017 0018 0019 0020 0021 0022 0023 0024 0025 0026 
0018 0019 0020 0021 0022 0023 0024 0025 0026 0027 

:::7300:::
0010 0011 0012 0013 0014 0015 0016 0017 0018 0019 
0011 0012 0013 0014 0015 0016 0017 0018 0019 0020 
0012 0013 0014 0015 0016 0017 0018 0019 0020 0021 
0013 0014 0015 0016 0017 0018 0019 0020 0021 0022 
0014 0015 0016 0017 0018 0019 0020 0021 0022 0023 
0015 0016 0017 0018 0019 0020 0021 0022 0023 0024 
0016 0017 0018 0019 0020 0021 0022 0023 0024 0025 
0017 0018 0019 0020 0021 0022 0023 0024 0025 0026 
0018 0019 0020 0021 0022 0023 0024 0025 0026 0027 
0019 0020 0021 0022 0023 0024 0025 0026 0027 0028 

:::7400:::
0011 0012 0013 0014 0015 0016 0017 0018 0019 0020 
0012 0013 0014 0015 0016 0017 0018 0019 0020 0021 
0013 0014 0015 0016 0017 0018 0019 0020 0021 0022 
0014 0015 0016 0017 0018 0019 0020 0021 0022 0023 
0015 0016 0017 0018 0019 0020 0021 0022 0023 0024 
0016 0017 0018 0019 0020 0021 0022 0023 0024 0025 
0017 0018 0019 0020 0021 0022 0023 0024 0025 0026 
0018 0019 0020 0021 0022 0023 0024 0025 0026 0027 
0019 0020 0021 0022 0023 0024 0025 0026 0027 0028 
0020 0021 0022 0023 0024 0025 0026 0027 0028 0029 

:::7500:::
0012 0013 0014 0015 0016 0017 0018 0019 0020 0021 
0013 0014 0015 0016 0017 0018 0019 0020 0021 0022 
0014 0015 0016 0017 0018 0019 0020 0021 0022 0023 
0015 0016 0017 0018 0019 0020 0021 0022 0023 0024 
0016 0017 0018 0019 0020 0021 0022 0023 0024 0025 
0017 0018 0019 0020 0021 0022 0023 0024 0025 0026 
0018 0019 0020 0021 0022 0023 0024 0025 0026 0027 
0019 0020 0021 0022 0023 0024 0025 0026 0027 0028 
0020 0021 0022 0023 0024 0025 0026 0027 0028 0029 
0021 0022 0023 0024 0025 0026 0027 0028 0029 0030 

:::7600:::
0013 0014 0015 0016 0017 0018 0019 0020 0021 0022 
0014 0015 0016 0017 0018 0019 0020 0021 0022 0023 
0015 0016 0017 0018 0019 0020 0021 0022 0023 0024 
0016 0017 0018 0019 0020 0021 0022 0023 0024 0025 
0017 0018 0019 0020 0021 0022 0023 0024 0025 0026 
0018 0019 0020 0021 0022 0023 0024 0025 0026 0027 
0019 0020 0021 0022 0023 0024 0025 0026 0027 0028 
0020 0021 0022 0023 0024 0025 0026 0027 0028 0029 
0021 0022 0023 0024 0025 0026 0027 0028 0029 0030 
0022 0023 0024 0025 0026 0027 0028 0029 0030 0031 

:::7700:::
0014 0015 0016 0017 0018 0019 0020 0021 0022 0023 
0015 0016 0017 0018 0019 0020 0021 0022 0023 0024 
0016 0017 0018 0019 0020 0021 0022 0023 0024 0025 
0017 0018 0019 0020 0021 0022 0023 0024 0025 0026 
0018 0019 0020 0021 0022 0023 0024 0025 0026 0027 
0019 0020 0021 0022 0023 0024 0025 0026 0027 0028 
0020 0021 0022 0023 0024 0025 0026 0027 0028 0029 
0021 0022 0023 0024 0025 0026 0027 0028 0029 0030 
0022 0023 0024 0025 0026 0027 0028 0029 0030 0031 
0023 0024 0025 0026 0027 0028 0029 0030 0031 0032 

:::7800:::
0015 0016 0017 0018 0019 0020 0021 0022 0023 0024 
0016 0017 0018 0019 0020 0021 0022 0023 0024 0025 
0017 0018 0019 0020 0021 0022 0023 0024 0025 0026 
0018 0019 0020 0021 0022 0023 0024 0025 0026 0027 
0019 0020 0021 0022 0023 0024 0025 0026 0027 0028 
0020 0021 0022 0023 0024 0025 0026 0027 0028 0029 
0021 0022 0023 0024 0025 0026 0027 0028 0029 0030 
0022 0023 0024 0025 0026 0027 0028 0029 0030 0031 
0023 0024 0025 0026 0027 0028 0029 0030 0031 0032 
0024 0025 0026 0027 0028 0029 0030 0031 0032 0033 

:::7900:::
0016 0017 0018 0019 0020 0021 0022 0023 0024 0025 
0017 0018 0019 0020 0021 0022 0023 0024 0025 0026 
0018 0019 0020 0021 0022 0023 0024 0025 0026 0027 
0019 0020 0021 0022 0023 0024 0025 0026 0027 0028 
0020 0021 0022 0023 0024 0025 0026 0027 0028 0029 
0021 0022 0023 0024 0025 0026 0027 0028 0029 0030 
0022 0023 0024 0025 0026 0027 0028 0029 0030 0031 
0023 0024 0025 0026 0027 0028 0029 0030 0031 0032 
0024 0025 0026 0027 0028 0029 0030 0031 0032 0033 
0025 0026 0027 0028 0029 0030 0031 0032 0033 0034 

:::8000:::
0008 0009 0010 0011 0012 0013 0014 0015 0016 0017 
0009 0010 0011 0012 0013 0014 0015 0016 0017 0018 
0010 0011 0012 0013 0014 0015 0016 0017 0018 0019 
0011 0012 0013 0014 0015 0016 0017 0018 0019 0020 
0012 0013 0014 0015 0016 0017 0018 0019 0020 0021 
0013 0014 0015 0016 0017 0018 0019 0020 0021 0022 
0014 0015 0016 0017 0018 0019 0020 0021 0022 0023 
0015 0016 0017 0018 0019 0020 0021 0022 0023 0024 
0016 0017 0018 0019 0020 0021 0022 0023 0024 0025 
0017 0018 0019 0020 0021 0022 0023 0024 0025 0026 

:::8100:::
0009 0010 0011 0012 0013 0014 0015 0016 0017 0018 
0010 0011 0012 0013 0014 0015 0016 0017 0018 0019 
0011 0012 0013 0014 0015 0016 0017 0018 0019 0020 
0012 0013 0014 0015 0016 0017 0018 0019 0020 0021 
0013 0014 0015 0016 0017 0018 0019 0020 0021 0022 
0014 0015 0016 0017 0018 0019 0020 0021 0022 0023 
0015 0016 0017 0018 0019 0020 0021 0022 0023 0024 
0016 0017 0018 0019 0020 0021 0022 0023 0024 0025 
0017 0018 0019 0020 0021 0022 0023 0024 0025 0026 
0018 0019 0020 0021 0022 0023 0024 0025 0026 0027 

:::8200:::
0010 0011 0012 0013 0014 0015 0016 0017 0018 0019 
0011 0012 0013 0014 0015 0016 0017 0018 0019 0020 
0012 0013 0014 0015 0016 0017 0018 0019 0020 0021 
0013 0014 0015 0016 0017 0018 0019 0020 0021 0022 
0014 0015 0016 0017 0018 0019 0020 0021 0022 0023 
0015 0016 0017 0018 0019 0020 0021 0022 0023 0024 
0016 0017 0018 0019 0020 0021 0022 0023 0024 0025 
0017 0018 0019 0020 0021 0022 0023 0024 0025 0026 
0018 0019 0020 0021 0022 0023 0024 0025 0026 0027 
0019 0020 0021 0022 0023 0024 0025 0026 0027 0028 

:::8300:::
0011 0012 0013 0014 0015 0016 0017 0018 0019 0020 
0012 0013 0014 0015 0016 0017 0018 0019 0020 0021 
0013 0014 0015 0016 0017 0018 0019 0020 0021 0022 
0014 0015 0016 0017 0018 0019 0020 0021 0022 0023 
0015 0016 0017 0018 0019 0020 0021 0022 0023 0024 
0016 0017 0018 0019 0020 0021 0022 0023 0024 0025 
0017 0018 0019 0020 0021 0022 0023 0024 0025 0026 
0018 0019 0020 0021 0022 0023 0024 0025 0026 0027 
0019 0020 0021 0022 0023 0024 0025 0026 0027 0028 
0020 0021 0022 0023 0024 0025 0026 0027 0028 0029 

:::8400:::
0012 0013 0014 0015 0016 0017 0018 0019 0020 0021 
0013 0014 0015 0016 0017 0018 0019 0020 0021 0022 
0014 0015 0016 0017 0018 0019 0020 0021 0022 0023 
0015 0016 0017 0018 0019 0020 0021 0022 0023 0024 
0016 0017 0018 0019 0020 0021 0022 0023 0024 0025 
0017 0018 0019 0020 0021 0022 0023 0024 0025 0026 
0018 0019 0020 0021 0022 0023 0024 0025 0026 0027 
0019 0020 0021 0022 0023 0024 0025 0026 0027 0028 
0020 0021 0022 0023 0024 0025 0026 0027 0028 0029 
0021 0022 0023 0024 0025 0026 0027 0028 0029 0030 

:::8500:::
0013 0014 0015 0016 0017 0018 0019 0020 0021 0022 
0014 0015 0016 0017 0018 0019 0020 0021 0022 0023 
0015 0016 0017 0018 0019 0020 0021 0022 0023 0024 
0016 0017 0018 0019 0020 0021 0022 0023 0024 0025 
0017 0018 0019 0020 0021 0022 0023 0024 0025 0026 
0018 0019 0020 0021 0022 0023 0024 0025 0026 0027 
0019 0020 0021 0022 0023 0024 0025 0026 0027 0028 
0020 0021 0022 0023 0024 0025 0026 0027 0028 0029 
0021 0022 0023 0024 0025 0026 0027 0028 0029 0030 
0022 0023 0024 0025 0026 0027 0028 0029 0030 0031 

:::8600:::
0014 0015 0016 0017 0018 0019 0020 0021 0022 0023 
0015 0016 0017 0018 0019 0020 0021 0022 0023 0024 
0016 0017 0018 0019 0020 0021 0022 0023 0024 0025 
0017 0018 0019 0020 0021 0022 0023 0024 0025 0026 
0018 0019 0020 0021 0022 0023 0024 0025 0026 0027 
0019 0020 0021 0022 0023 0024 0025 0026 0027 0028 
0020 0021 0022 0023 0024 0025 0026 0027 0028 0029 
0021 0022 0023 0024 0025 0026 0027 0028 0029 0030 
0022 0023 0024 0025 0026 0027 0028 0029 0030 0031 
0023 0024 0025 0026 0027 0028 0029 0030 0031 0032 

:::8700:::
0015 0016 0017 0018 0019 0020 0021 0022 0023 0024 
0016 0017 0018 0019 0020 0021 0022 0023 0024 0025 
0017 0018 0019 0020 0021 0022 0023 0024 0025 0026 
0018 0019 0020 0021 0022 0023 0024 0025 0026 0027 
0019 0020 0021 0022 0023 0024 0025 0026 0027 0028 
0020 0021 0022 0023 0024 0025 0026 0027 0028 0029 
0021 0022 0023 0024 0025 0026 0027 0028 0029 0030 
0022 0023 0024 0025 0026 0027 0028 0029 0030 0031 
0023 0024 0025 0026 0027 0028 0029 0030 0031 0032 
0024 0025 0026 0027 0028 0029 0030 0031 0032 0033 

:::8800:::
0016 0017 0018 0019 0020 0021 0022 0023 0024 0025 
0017 0018 0019 0020 0021 0022 0023 0024 0025 0026 
0018 0019 0020 0021 0022 0023 0024 0025 0026 0027 
0019 0020 0021 0022 0023 0024 0025 0026 0027 0028 
0020 0021 0022 0023 0024 0025 0026 0027 0028 0029 
0021 0022 0023 0024 0025 0026 0027 0028 0029 0030 
0022 0023 0024 0025 0026 0027 0028 0029 0030 0031 
0023 0024 0025 0026 0027 0028 0029 0030 0031 0032 
0024 0025 0026 0027 0028 0029 0030 0031 0032 0033 
0025 0026 0027 0028 0029 0030 0031 0032 0033 0034 

:::8900:::
0017 0018 0019 0020 0021 0022 0023 0024 0025 0026 
0018 0019 0020 0021 0022 0023 0024 0025 0026 0027 
0019 0020 0021 0022 0023 0024 0025 0026 0027 0028 
0020 0021 0022 0023 0024 0025 0026 0027 0028 0029 
0021 0022 0023 0024 0025 0026 0027 0028 0029 0030 
0022 0023 0024 0025 0026 0027 0028 0029 0030 0031 
0023 0024 0025 0026 0027 0028 0029 0030 0031 0032 
0024 0025 0026 0027 0028 0029 0030 0031 0032 0033 
0025 0026 0027 0028 0029 0030 0031 0032 0033 0034 
0026 0027 0028 0029 0030 0031 0032 0033 0034 0035 

:::9000:::
0009 0010 0011 0012 0013 0014 0015 0016 0017 0018 
0010 0011 0012 0013 0014 0015 0016 0017 0018 0019 
0011 0012 0013 0014 0015 0016 0017 0018 0019 0020 
0012 0013 0014 0015 0016 0017 0018 0019 0020 0021 
0013 0014 0015 0016 0017 0018 0019 0020 0021 0022 
0014 0015 0016 0017 0018 0019 0020 0021 0022 0023 
0015 0016 0017 0018 0019 0020 0021 0022 0023 0024 
0016 0017 0018 0019 0020 0021 0022 0023 0024 0025 
0017 0018 0019 0020 0021 0022 0023 0024 0025 0026 
0018 0019 0020 0021 0022 0023 0024 0025 0026 0027 

:::9100:::
0010 0011 0012 0013 0014 0015 0016 0017 0018 0019 
0011 0012 0013 0014 0015 0016 0017 0018 0019 0020 
0012 0013 0014 0015 0016 0017 0018 0019 0020 0021 
0013 0014 0015 0016 0017 0018 0019 0020 0021 0022 
0014 0015 0016 0017 0018 0019 0020 0021 0022 0023 
0015 0016 0017 0018 0019 0020 0021 0022 0023 0024 
0016 0017 0018 0019 0020 0021 0022 0023 0024 0025 
0017 0018 0019 0020 0021 0022 0023 0024 0025 0026 
0018 0019 0020 0021 0022 0023 0024 0025 0026 0027 
0019 0020 0021 0022 0023 0024 0025 0026 0027 0028 

:::9200:::
0011 0012 0013 0014 0015 0016 0017 0018 0019 0020 
0012 0013 0014 0015 0016 0017 0018 0019 0020 0021 
0013 0014 0015 0016 0017 0018 0019 0020 0021 0022 
0014 0015 0016 0017 0018 0019 0020 0021 0022 0023 
0015 0016 0017 0018 0019 0020 0021 0022 0023 0024 
0016 0017 0018 0019 0020 0021 0022 0023 0024 0025 
0017 0018 0019 0020 0021 0022 0023 0024 0025 0026 
0018 0019 0020 0021 0022 0023 0024 0025 0026 0027 
0019 0020 0021 0022 0023 0024 0025 0026 0027 0028 
0020 0021 0022 0023 0024 0025 0026 0027 0028 0029 

:::9300:::
0012 0013 0014 0015 0016 0017 0018 0019 0020 0021 
0013 0014 0015 0016 0017 0018 0019 0020 0021 0022 
0014 0015 0016 0017 0018 0019 0020 0021 0022 0023 
0015 0016 0017 0018 0019 0020 0021 0022 0023 0024 
0016 0017 0018 0019 0020 0021 0022 0023 0024 0025 
0017 0018 0019 0020 0021 0022 0023 0024 0025 0026 
0018 0019 0020 0021 0022 0023 0024 0025 0026 0027 
0019 0020 0021 0022 0023 0024 0025 0026 0027 0028 
0020 0021 0022 0023 0024 0025 0026 0027 0028 0029 
0021 0022 0023 0024 0025 0026 0027 0028 0029 0030 

:::9400:::
0013 0014 0015 0016 0017 0018 0019 0020 0021 0022 
0014 0015 0016 0017 0018 0019 0020 0021 0022 0023 
0015 0016 0017 0018 0019 0020 0021 0022 0023 0024 
0016 0017 0018 0019 0020 0021 0022 0023 0024 0025 
0017 0018 0019 0020 0021 0022 0023 0024 0025 0026 
0018 0019 0020 0021 0022 0023 0024 0025 0026 0027 
0019 0020 0021 0022 0023 0024 0025 0026 0027 0028 
0020 0021 0022 0023 0024 0025 0026 0027 0028 0029 
0021 0022 0023 0024 0025 0026 0027 0028 0029 0030 
0022 0023 0024 0025 0026 0027 0028 0029 0030 0031 

:::9500:::
0014 0015 0016 0017 0018 0019 0020 0021 0022 0023 
0015 0016 0017 0018 0019 0020 0021 0022 0023 0024 
0016 0017 0018 0019 0020 0021 0022 0023 0024 0025 
0017 0018 0019 0020 0021 0022 0023 0024 0025 0026 
0018 0019 0020 0021 0022 0023 0024 0025 0026 0027 
0019 0020 0021 0022 0023 0024 0025 0026 0027 0028 
0020 0021 0022 0023 0024 0025 0026 0027 0028 0029 
0021 0022 0023 0024 0025 0026 0027 0028 0029 0030 
0022 0023 0024 0025 0026 0027 0028 0029 0030 0031 
0023 0024 0025 0026 0027 0028 0029 0030 0031 0032 

:::9600:::
0015 0016 0017 0018 0019 0020 0021 0022 0023 0024 
0016 0017 0018 0019 0020 0021 0022 0023 0024 0025 
0017 0018 0019 0020 0021 0022 0023 0024 0025 0026 
0018 0019 0020 0021 0022 0023 0024 0025 0026 0027 
0019 0020 0021 0022 0023 0024 0025 0026 0027 0028 
0020 0021 0022 0023 0024 0025 0026 0027 0028 0029 
0021 0022 0023 0024 0025 0026 0027 0028 0029 0030 
0022 0023 0024 0025 0026 0027 0028 0029 0030 0031 
0023 0024 0025 0026 0027 0028 0029 0030 0031 0032 
0024 0025 0026 0027 0028 0029 0030 0031 0032 0033 

:::9700:::
0016 0017 0018 0019 0020 0021 0022 0023 0024 0025 
0017 0018 0019 0020 0021 0022 0023 0024 0025 0026 
0018 0019 0020 0021 0022 0023 0024 0025 0026 0027 
0019 0020 0021 0022 0023 0024 0025 0026 0027 0028 
0020 0021 0022 0023 0024 0025 0026 0027 0028 0029 
0021 0022 0023 0024 0025 0026 0027 0028 0029 0030 
0022 0023 0024 0025 0026 0027 0028 0029 0030 0031 
0023 0024 0025 0026 0027 0028 0029 0030 0031 0032 
0024 0025 0026 0027 0028 0029 0030 0031 0032 0033 
0025 0026 0027 0028 0029 0030 0031 0032 0033 0034 

:::9800:::
0017 0018 0019 0020 0021 0022 0023 0024 0025 0026 
0018 0019 0020 0021 0022 0023 0024 0025 0026 0027 
0019 0020 0021 0022 0023 0024 0025 0026 0027 0028 
0020 0021 0022 0023 0024 0025 0026 0027 0028 0029 
0021 0022 0023 0024 0025 0026 0027 0028 0029 0030 
0022 0023 0024 0025 0026 0027 0028 0029 0030 0031 
0023 0024 0025 0026 0027 0028 0029 0030 0031 0032 
0024 0025 0026 0027 0028 0029 0030 0031 0032 0033 
0025 0026 0027 0028 0029 0030 0031 0032 0033 0034 
0026 0027 0028 0029 0030 0031 0032 0033 0034 0035 

:::9900:::
0018 0019 0020 0021 0022 0023 0024 0025 0026 0027 
0019 0020 0021 0022 0023 0024 0025 0026 0027 0028 
0020 0021 0022 0023 0024 0025 0026 0027 0028 0029 
0021 0022 0023 0024 0025 0026 0027 0028 0029 0030 
0022 0023 0024 0025 0026 0027 0028 0029 0030 0031 
0023 0024 0025 0026 0027 0028 0029 0030 0031 0032 
0024 0025 0026 0027 0028 0029 0030 0031 0032 0033 
0025 0026 0027 0028 0029 0030 0031 0032 0033 0034 
0026 0027 0028 0029 0030 0031 0032 0033 0034 0035 
0027 0028 0029 0030 0031 0032 0033 0034 0035 0036 

:::10000:::
0001 
