20

9
1 2 1 2 1 2 3 1 2

7
1 100 1 90 1 200 1

5
34 33 33 33 33

13
1 2 3 4 5 1 6 1 7 8 9 1 2

9
64 32 256 16 128 8 4 2 1

9
1 2 4 8 16 32 64 128 256

20
1 2 4 8 16 32 64 128 256 1 1 1 1 1 1 2 2 2 2 1


40
1 2 4 8 16 32 64 128 256 1 1 1 1 1 1 2 2 2 2 1 1 2 1 2 1 2 1
2 1 2 1 1 1 3 4 4 3 3 4 5

3
100 90 200

5
34 33 33 33 33


100
1 2 3 4 5 6 7 8 9 10 11 12 13 14 15 16 17 18 19 20
21 22 23 24 25 26 27 28 29 30 31 32 33 34 35 36 37 38 39 40
41 42 43 44 45 46 47 48 49 50 51 52 53 54 55 56 57 58 59 60
61 62 63 64 65 66 67 68 69 70 71 72 73 74 75 76 77 78 79 80
81 82 83 84 85 86 87 88 89 90 91 92 93 94 95 96 97 98 99 100


100
351 352 353 354 355 356 357 358 359 360 361 362 363 364 365
366 367 368 369 370 371 372 373 374 375 376 377 378 379 380
381 382 383 384 385 386 387 388 389 390 391 392 393 394 395
396 397 398 399 400 401 402 403 404 405 406 407 408 409 410 411
412 413 414 415 416 417 418 419 420 421 422 423 424 425 426 427
428 429 430 431 432 433 434 435 436 437 438 439 440 441 442 443
444 445 446 447 448 449 450 

100
450 450 450 450 450 450 450 450 450 450
450 450 450 450 450 450 450 450 450 450
450 450 450 450 450 450 450 450 450 450
450 450 450 450 450 450 450 450 450 450
450 450 450 450 450 450 450 450 450 450
450 450 450 450 450 450 450 450 450 450
450 450 450 450 450 450 450 450 450 450
450 450 450 450 450 450 450 450 450 450
450 450 450 450 450 450 450 450 450 450
450 450 450 450 450 450 450 450 450 450

10
1 2 3 4 5 6 7 8 9 10

5
1 7 10 10 11

0

1
1

2
1 2

2
1 1

15
11 1 1 1 1 1 1 1 1 1 1 1 1 1 1