35 0

35 2
1 2
2 3

35 2
1 2
3 4


5 4
1 2
2 3
3 4
3 5




8 12
1 2
1 6
1 8
2 3
2 6
3 4
3 5
4 5
4 7
5 6
6 7
6 8

35 221
1 2
1 5
1 6
1 9
1 18
1 19
1 22
1 26
1 30
1 34
2 4
2 13
2 14
2 18
2 23
2 24
2 25
2 26
2 29
2 30
2 32
2 34
3 8
3 9
3 11
3 12
3 13
3 14
3 15
3 16
3 21
3 22
3 25
3 32
3 33
3 34
3 35
4 9
4 10
4 11
4 13
4 15
4 18
4 20
4 21
4 24
4 25
4 27
4 29
4 30
4 34
4 35
5 6
5 10
5 13
5 16
5 18
5 21
5 25
5 27
5 32
5 34
5 35
6 8
6 9
6 10
6 11
6 15
6 19
6 20
6 25
6 28
6 29
6 31
6 35
7 10
7 13
7 14
7 15
7 17
7 24
7 30
7 35
8 9
8 11
8 14
8 17
8 18
8 20
8 21
8 23
8 28
8 33
8 34
8 35
9 13
9 14
9 25
9 26
9 28
9 31
9 32
9 35
10 11
10 13
10 15
10 16
10 17
10 18
10 19
10 21
10 24
10 25
10 27
10 28
10 30
10 34
11 14
11 17
11 18
11 23
11 28
11 32
12 17
12 21
12 25
12 26
12 28
12 29
12 31
13 18
13 19
13 32
13 33
14 15
14 22
14 23
14 26
14 29
14 30
14 32
14 35
15 17
15 19
15 22
15 25
15 27
15 29
15 31
15 33
15 35
16 21
16 26
16 27
16 30
16 32
16 34
16 35
17 27
17 32
18 22
18 27
18 29
18 31
18 32
19 23
19 24
19 25
19 29
19 30
19 31
19 32
19 33
19 34
20 23
20 24
20 30
20 32
21 22
21 24
21 28
22 23
22 24
22 29
22 33
22 34
22 35
23 26
23 30
23 31
23 32
23 34
23 35
24 25
24 28
24 29
24 33
24 34
24 35
25 26
25 27
25 35
26 29
26 30
26 31
26 33
26 35
27 29
27 31
28 29
28 32
28 33
28 34
29 30
29 31
29 35
30 31
30 33
30 34
31 33
32 34

35 86
1 6
1 8
1 11
1 13
1 20
1 25
1 26
2 11
2 14
2 25
2 34
3 8
3 22
3 24
3 29
3 31
3 33
4 15
4 25
4 31
5 12
5 25
5 26
6 15
6 21
6 29
6 32
7 10
7 20
7 34
8 12
8 14
8 16
8 19
8 26
8 30
9 13
9 27
10 22
10 31
10 34
11 12
11 20
11 23
11 30
12 16
12 21
12 29
12 30
13 14
13 18
13 20
13 21
13 30
14 31
15 26
15 27
15 30
16 19
16 32
17 24
17 27
17 30
18 28
18 31
19 24
19 26
19 31
20 31
20 34
21 32
21 35
22 26
22 28
22 29
22 32
22 33
23 30
24 25
25 31
26 29
26 30
27 29
27 33
30 34
32 33

35 33
1 2
2 3
3 4
4 5
5 6
6 7
7 8
8 9
9 10
10 11
11 12
12 13
13 14
14 15
15 16
17 18
18 19
19 20
20 21
21 22
22 23
23 24
24 25
25 26
26 27
27 28
28 29
29 30
30 31
31 32
32 33
33 34
34 35


19 18
1 2
2 3
3 4
4 5
5 6
6 7
7 8
8 9
9 10
10 11
11 12
12 13
13 14
14 15
15 16
16 17
17 18
18 19


35 34
1 2
2 3
3 4
4 5
5 6
6 7
7 8
8 9
9 10
10 11
11 12
12 13
13 14
14 15
15 16
16 17
17 18
18 19
19 20
20 21
21 22
22 23
23 24
24 25
25 26
26 27
27 28
28 29
29 30
30 31
31 32
32 33
33 34
34 35

0 0