20
67 0.329 0.065 0.937 0.810 0.385 0.159 0.381
25 0.674 0.528 0.625 0.971 0.805 0.782 0.177
62 0.740 0.653 0.323 0.642 0.837 0.773 0.610
20 0.284 0.273 0.854 0.914 0.086 0.198 0.653
1 0.800 0.100 0.500 0.500 0.500 0.500 0.500
13 0.600 0.495 0.830 0.178 0.768 0.678 0.387
71 0.649 0.181 0.358 0.197 0.773 0.810 0.348
12 0.915 0.628 0.785 0.748 0.986 0.089 0.091
7 0.845 0.096 0.965 0.401 0.698 0.213 0.703
2 0.600 0.200 0.500 0.100 1.000 0.100 1.000
62 0.719 0.156 0.014 0.837 0.613 0.376 0.707
25 0.984 0.222 0.993 0.336 0.207 0.084 0.478
5 0.360 0.102 0.939 0.331 0.806 0.837 0.328
50 0.718 0.450 0.928 0.207 0.675 0.390 0.937
80 0.580 0.480 0.189 0.356 0.890 0.732 0.662
13 0.556 0.023 0.797 0.208 0.603 0.820 0.890
73 0.733 0.648 0.371 0.866 0.469 0.782 0.003
83 0.449 0.407 0.053 0.078 0.212 0.345 0.121
58 0.472 0.182 0.418 0.097 0.569 0.816 0.711
1 1.000 0.000 1.000 1.000 1.000 1.000 1.000
