20
1000000000 100000
100000 1 0 1000000000
1000000000 100000
99999 1 99999 100000
977365070 59489
8 5 9 999966210
28 21
6 5 1 85919
840698758 13331
8 7 10 999955808
1000000000 100000
1 1 1 1000000000
45068754 29153
2 9 5 999904402
1000000000 100000
999999999 1 999999999 1000000000
112 73
1 5 3 64100
137 49
48 17 461 137
1000000000 100000
1 1 0 2
46 18
7 11 9 46
232959116 56689
4 9 1 999903057
1000000000 1
12 7 74 12
131 74
1 9 10 78736
59 26
14 19 681 59
220 88
1 8 3 58265
177 73
7 7 5 56401
218492221 46085
3 7 1 999969453
693840425 90561
2 6 7 999957328
