10000
6 100
1 89
2 51
9 87
9 95
9 37
6 55
10 77
10 45
10 44
9 55
8 100
10 58
4 62
2 14
3 65
9 37
2 99
8 88
10 2
2 0
5 100
2 98
7 84
6 28
5 78
10 84
9 91
4 58
4 46
4 96
1 29
1 92
6 64
1 43
7 19
8 65
1 0
5 73
7 18
2 90
9 1
4 10
6 74
9 37
5 49
6 75
10 10
9 79
4 3
4 72
6 71
9 48
1 87
10 64
3 85
1 86
2 92
10 100
9 40
2 25
8 83
2 18
6 19
5 16
10 78
6 61
8 74
6 50
7 95
1 12
6 84
9 38
4 23
10 57
7 60
5 89
10 83
1 91
7 91
4 42
2 77
1 35
3 0
5 47
2 52
5 22
2 10
3 43
8 76
7 84
7 66
1 31
3 15
10 68
5 54
6 59
9 78
10 33
9 76
4 21
1 68
6 84
5 84
8 100
2 64
7 79
8 42
3 46
5 91
9 68
8 84
1 23
7 42
1 51
4 90
10 27
1 44
7 84
3 45
4 20
2 18
4 85
7 59
7 78
1 93
10 42
10 76
9 41
9 56
4 84
9 67
2 38
2 17
5 94
8 93
6 50
3 87
3 95
4 91
4 29
10 100
7 94
3 11
9 84
6 17
3 43
8 51
9 75
10 35
3 31
2 86
10 28
2 48
7 73
9 24
5 64
6 56
9 64
6 2
7 48
5 38
6 36
1 68
10 56
1 36
1 61
3 32
4 83
5 23
8 72
2 6
8 1
1 91
10 77
3 6
4 27
1 81
6 43
9 38
6 42
2 84
4 63
9 21
1 48
3 44
4 56
8 6
6 83
6 72
4 29
3 12
2 98
5 6
7 31
10 84
10 89
9 5
3 85
10 21
9 65
4 4
2 52
8 36
5 22
10 64
2 74
2 97
7 54
10 12
9 21
4 11
3 77
4 18
6 18
2 100
8 31
10 100
10 91
5 7
1 3
5 46
5 48
4 11
5 24
10 69
4 35
4 22
8 36
4 13
8 10
5 80
9 79
6 78
4 92
4 17
1 84
3 66
5 36
9 45
4 91
7 98
6 93
5 40
6 71
5 56
9 80
2 30
2 45
4 0
9 6
5 13
6 93
3 8
10 69
4 10
10 29
7 12
10 21
7 69
10 57
10 86
9 74
10 48
10 52
7 70
10 40
6 51
4 38
4 84
5 85
10 60
5 10
6 90
2 85
5 87
1 12
7 30
3 79
2 14
8 54
10 24
5 24
6 37
4 93
3 39
5 37
2 93
4 51
2 58
1 17
4 93
6 61
9 81
6 40
10 75
9 37
5 63
4 6
2 26
2 61
7 88
4 64
3 67
4 64
9 29
7 61
3 87
4 81
8 47
4 55
8 4
1 3
3 54
7 84
10 79
8 64
4 53
6 11
2 34
7 99
9 52
1 29
3 67
10 20
9 45
4 17
2 69
3 64
8 23
1 30
10 62
6 35
2 45
1 1
6 66
8 8
9 39
9 75
9 95
9 8
2 51
2 35
7 31
5 7
6 43
1 8
4 56
8 18
10 2
7 39
6 40
5 80
10 2
7 100
2 16
6 13
3 100
10 95
1 12
6 62
9 20
1 28
7 15
2 48
5 81
7 79
7 45
7 16
7 65
9 28
7 76
4 66
1 42
10 51
9 42
9 82
5 98
2 54
2 25
7 8
4 25
1 90
6 34
4 55
4 34
5 14
5 90
6 62
7 30
3 5
9 19
9 20
8 80
5 12
4 32
1 68
1 69
7 47
2 48
10 76
5 83
6 88
6 64
3 31
4 95
8 42
1 10
5 9
10 92
5 35
1 21
5 71
4 68
10 8
6 73
10 49
8 13
10 63
3 99
4 27
3 58
1 36
4 74
8 38
10 85
3 53
4 52
4 3
7 30
7 50
8 52
8 15
10 65
5 64
6 97
2 70
9 99
4 76
7 100
5 57
3 11
4 92
10 17
6 52
10 35
5 84
1 5
2 76
9 41
9 86
6 64
4 42
9 99
5 7
1 27
4 45
6 55
5 6
4 1
9 61
9 36
10 37
2 90
1 28
8 82
5 95
6 74
8 84
6 97
1 33
8 25
2 80
10 67
1 49
5 37
4 15
6 79
4 40
2 25
5 6
5 92
4 16
10 76
8 78
3 53
8 47
4 36
2 8
8 0
10 31
6 82
10 51
9 60
8 12
9 57
6 41
10 38
8 47
3 68
7 35
10 59
4 38
2 82
4 53
10 97
1 48
2 99
1 71
10 76
3 71
8 56
8 5
2 64
6 32
5 45
5 65
4 67
6 47
3 39
10 37
7 19
6 22
6 70
3 10
10 92
2 81
6 31
1 30
9 60
8 89
6 5
5 95
1 74
2 49
10 84
2 71
1 58
8 71
9 26
7 83
7 99
5 47
5 29
8 17
4 82
6 60
9 3
2 16
5 86
1 51
9 58
5 96
5 21
6 74
8 51
6 47
5 39
6 26
5 63
9 65
10 1
5 45
6 46
4 95
10 100
9 78
6 88
4 64
2 10
6 84
9 58
3 60
2 24
4 60
7 4
1 96
9 52
6 77
8 23
2 64
10 63
8 75
4 17
6 39
4 27
10 78
8 92
3 89
2 52
4 40
5 1
4 78
7 26
2 96
6 72
9 4
9 66
3 45
3 14
8 42
4 17
4 43
3 2
2 42
4 7
9 38
3 35
1 30
2 15
2 65
5 27
5 82
1 65
10 43
10 13
9 60
3 85
9 13
9 10
8 78
3 13
6 12
6 87
4 1
1 9
1 94
9 50
9 99
2 29
7 16
3 96
1 24
2 29
9 46
7 0
4 21
10 67
10 82
1 7
5 97
8 55
5 73
6 61
6 81
8 60
7 95
1 13
7 66
3 19
1 48
6 58
7 91
7 29
7 64
10 25
3 16
4 91
3 39
2 95
2 78
2 40
8 9
7 45
4 91
2 53
10 73
3 67
7 67
4 88
1 11
4 89
9 67
8 51
1 69
5 100
10 11
5 58
6 32
1 33
1 99
3 44
2 95
2 4
5 3
6 31
7 52
2 6
2 85
6 6
5 18
9 67
4 56
4 26
6 70
1 88
5 59
4 0
10 59
8 57
6 75
6 35
3 88
4 9
8 16
8 90
9 15
5 20
7 27
1 33
2 98
9 6
4 41
8 88
7 59
2 69
5 22
3 36
7 41
2 38
3 44
10 74
1 23
10 67
8 51
9 97
9 80
7 52
6 24
7 4
7 82
8 15
9 29
10 16
1 100
10 1
10 96
4 93
5 33
7 1
7 9
6 44
1 95
1 32
3 27
5 86
2 47
7 57
2 43
1 52
3 45
3 41
9 30
3 60
4 76
10 54
3 33
5 40
2 32
9 66
7 99
1 19
9 40
4 61
3 61
10 85
9 62
3 53
6 94
8 31
8 14
8 80
4 19
5 59
4 80
7 0
10 48
4 31
5 56
5 98
7 42
9 49
7 61
7 71
9 77
1 94
4 3
10 69
10 48
2 6
10 64
8 36
9 74
2 54
3 54
1 80
10 66
1 19
5 77
7 51
2 13
4 91
3 97
10 25
4 88
2 37
1 90
4 79
9 26
1 45
1 5
9 66
3 5
5 24
7 82
8 85
2 92
2 24
5 68
7 32
1 42
1 80
7 97
10 57
3 93
9 25
1 22
1 80
8 46
4 63
4 64
2 100
10 85
6 25
6 56
5 77
2 50
10 12
6 36
10 12
9 23
8 40
2 3
3 44
5 6
5 11
2 59
4 93
2 17
7 80
9 29
4 70
9 64
8 11
3 59
1 67
8 21
1 88
10 16
1 16
2 52
6 52
5 17
9 8
4 65
2 44
3 43
3 76
2 87
2 28
10 99
2 59
9 40
2 56
6 54
2 57
3 59
10 54
8 61
1 31
9 41
3 55
6 40
9 64
9 31
6 39
4 72
1 0
5 67
4 85
9 28
7 58
8 49
8 30
4 88
5 44
6 86
4 18
4 99
2 60
5 32
10 23
4 91
7 44
8 59
4 69
7 11
5 44
5 33
7 50
8 17
2 71
7 0
9 96
1 98
9 93
1 25
4 61
6 90
7 56
7 83
4 68
6 100
1 72
7 54
4 83
9 10
3 12
2 55
6 94
8 35
2 61
6 40
9 42
3 12
6 95
2 98
1 98
5 31
6 31
9 19
9 78
3 85
3 64
6 29
6 11
10 85
6 96
10 27
1 60
2 56
7 91
5 56
5 29
3 47
10 74
6 20
9 81
10 67
8 7
4 62
6 62
2 42
3 22
5 18
10 57
10 41
3 28
4 56
2 40
3 91
10 28
4 52
8 81
2 8
5 59
7 92
1 23
3 42
1 51
8 91
3 60
8 82
2 95
3 84
3 87
4 57
7 15
2 48
3 26
8 14
10 85
2 70
5 12
2 88
5 86
10 16
4 36
7 15
1 28
8 14
6 96
1 32
5 65
7 87
10 14
1 48
8 66
2 41
6 71
8 94
3 45
10 36
2 62
3 1
3 55
3 6
4 61
10 95
4 92
3 1
7 4
9 94
6 37
7 95
4 52
3 46
3 50
10 64
4 36
3 54
6 37
6 11
5 63
2 18
4 1
3 56
3 93
3 70
10 15
5 70
2 66
6 61
4 43
2 100
5 5
6 52
9 11
5 24
1 3
8 81
9 87
3 91
7 38
7 43
5 27
6 74
2 76
3 50
4 82
9 40
9 18
7 29
5 84
9 28
5 32
4 35
1 94
8 49
10 22
9 11
5 71
5 77
3 23
8 35
2 44
4 25
10 2
3 24
1 62
9 28
5 99
8 53
5 11
2 37
1 86
4 1
1 56
5 55
5 85
6 28
3 91
3 56
3 2
1 6
6 23
10 6
1 30
7 48
2 86
1 78
5 48
1 82
10 29
3 15
1 37
9 84
7 81
9 8
4 33
4 23
6 69
6 36
10 32
9 61
2 75
3 62
8 59
8 71
5 54
2 57
1 41
2 64
4 28
6 90
6 17
5 82
9 9
9 98
7 60
3 2
4 87
7 78
5 86
4 51
2 23
9 8
6 51
2 41
1 86
1 54
6 96
9 3
3 70
9 39
7 8
6 16
8 94
9 38
8 77
9 76
10 7
4 85
2 34
7 91
6 65
10 92
5 40
4 15
9 51
5 41
3 95
2 16
1 58
4 48
8 70
8 24
1 85
7 70
9 64
4 71
4 38
1 1
3 96
2 57
2 33
8 20
9 76
4 73
9 43
6 28
5 13
9 90
7 3
3 53
9 19
3 10
3 52
7 71
8 87
9 73
2 77
2 95
1 8
1 59
8 24
5 61
9 55
8 15
9 49
4 41
4 45
6 23
1 6
9 20
2 64
3 19
6 74
2 35
2 24
8 5
3 46
9 34
8 73
3 30
7 44
5 33
4 6
2 91
1 48
9 35
8 49
8 68
9 28
4 67
10 79
5 77
3 5
2 57
10 52
9 25
10 99
8 0
10 54
3 99
6 98
2 43
10 10
1 88
6 72
4 14
5 40
1 32
1 15
8 66
8 81
3 66
9 17
3 55
8 88
10 53
6 61
7 57
9 90
1 11
7 69
7 15
8 0
2 97
2 18
5 0
9 52
1 44
8 49
9 50
5 71
6 68
3 55
5 35
10 35
8 12
6 45
10 30
8 18
10 95
5 93
10 34
3 50
6 32
9 55
6 77
9 75
4 6
9 20
1 14
4 96
6 88
7 81
2 70
1 87
2 96
8 19
1 57
10 54
9 89
1 30
2 77
10 91
3 48
6 70
8 33
8 45
1 71
6 63
6 40
4 11
4 24
5 85
3 23
5 7
1 20
8 97
10 67
3 42
1 5
9 45
1 6
10 9
5 26
4 47
4 29
10 31
5 65
9 28
7 46
7 35
3 79
1 87
2 59
6 39
9 42
5 73
3 33
4 44
1 28
10 84
10 63
4 93
2 63
5 4
9 4
7 31
6 84
2 86
7 41
5 15
2 25
6 29
8 36
2 38
6 19
3 79
5 82
5 83
9 92
10 45
1 31
5 84
3 56
10 86
2 38
5 48
2 45
1 73
8 3
4 26
8 47
6 33
4 13
5 65
5 78
8 58
7 51
7 8
10 79
6 6
3 95
9 35
6 89
4 35
1 28
10 99
8 5
5 99
1 63
8 73
7 68
7 61
7 19
8 46
7 33
5 40
1 92
4 97
9 19
7 42
7 1
1 7
3 86
3 42
6 86
6 84
5 58
3 60
4 64
3 85
9 91
4 42
4 67
3 59
5 75
2 60
7 40
10 81
1 68
8 42
1 79
2 16
7 86
9 34
4 16
10 55
4 100
5 34
10 73
9 75
2 69
2 16
2 13
2 83
1 86
5 75
8 74
3 69
8 69
3 79
2 18
9 15
4 53
4 62
9 61
5 6
7 88
8 44
7 85
2 71
10 55
4 41
3 66
3 59
7 71
4 78
2 25
1 39
9 48
10 13
5 98
5 35
4 35
2 74
8 48
1 73
9 51
4 92
3 98
9 15
7 13
5 16
8 98
10 78
1 75
3 34
2 88
7 8
8 91
4 23
5 83
9 72
6 93
5 45
2 7
6 97
5 60
4 86
7 89
3 39
8 90
7 21
6 59
9 81
9 81
2 35
4 52
9 71
3 15
8 94
6 26
6 76
6 69
9 72
10 80
4 45
2 62
3 78
10 51
4 22
1 32
7 83
6 23
6 46
6 55
4 4
4 14
5 18
4 49
10 45
4 45
3 13
6 23
3 75
9 60
6 55
6 34
4 37
9 42
7 55
1 69
2 81
7 79
1 12
8 18
6 76
7 63
10 59
6 80
4 28
5 39
1 57
5 19
9 79
2 50
7 87
7 29
10 91
10 94
3 10
7 46
6 51
9 13
8 32
3 5
9 37
1 21
8 28
10 47
4 53
2 36
7 19
2 27
1 67
6 55
1 80
6 72
7 83
4 38
7 23
2 100
2 7
4 85
1 74
5 89
2 54
8 23
6 50
6 98
1 10
4 60
4 74
5 94
9 86
7 23
8 1
5 7
9 70
7 8
7 15
3 31
2 65
5 11
4 58
5 86
7 41
7 50
7 44
2 75
3 20
7 80
7 73
5 90
6 74
9 46
3 4
8 22
8 1
6 0
10 69
2 91
7 16
7 9
2 38
4 47
9 1
5 37
9 52
1 48
4 23
4 61
9 89
9 45
1 14
6 47
10 28
5 0
7 74
5 1
8 38
8 89
6 21
6 2
8 77
2 42
5 21
3 72
4 98
10 82
2 24
1 64
10 8
3 68
3 47
9 1
7 50
7 72
9 53
8 89
1 80
4 53
1 0
10 88
1 98
5 54
5 52
3 72
2 70
1 35
1 61
6 55
10 14
9 72
1 49
1 21
9 93
4 14
2 25
5 77
3 16
10 70
1 46
8 81
7 40
6 41
8 54
1 92
1 78
7 65
3 45
5 5
3 12
1 77
3 100
8 66
9 63
10 95
6 91
7 88
1 80
10 46
3 1
7 41
4 52
6 60
5 19
5 4
3 15
7 76
3 65
3 52
10 43
4 19
2 43
9 55
9 62
6 66
9 1
7 55
6 10
3 51
1 14
9 79
8 70
7 89
4 85
9 79
9 49
2 50
9 25
1 10
9 41
3 40
3 16
7 13
3 58
2 97
10 16
2 73
6 77
8 83
5 50
6 6
2 9
6 96
7 44
10 66
7 76
6 54
5 84
10 98
1 12
3 81
6 37
3 53
1 93
5 97
5 57
9 64
9 33
1 17
2 77
2 86
5 95
2 84
2 9
1 20
8 96
1 10
2 69
8 26
9 1
10 19
2 67
2 62
6 18
1 80
8 69
2 95
9 31
1 40
1 57
10 4
9 78
7 88
8 74
4 54
7 11
7 49
3 79
7 68
9 20
10 50
2 78
10 88
10 94
9 38
6 61
1 67
5 41
9 21
10 7
4 14
4 47
3 89
6 63
2 58
3 55
3 89
2 43
9 13
7 34
6 59
5 64
3 3
4 30
3 56
2 68
5 51
3 53
1 26
5 94
5 95
5 35
5 9
6 13
7 64
5 66
1 38
3 65
8 57
8 51
1 62
9 72
7 89
7 13
6 27
1 13
8 4
6 85
1 10
2 17
9 52
4 5
9 46
3 52
4 41
6 71
4 93
4 78
9 58
4 0
3 35
9 51
7 46
7 31
1 96
10 20
9 52
2 92
4 68
8 50
3 9
9 30
2 29
3 87
6 45
5 95
6 15
6 8
2 95
5 68
4 59
1 23
7 90
6 75
1 55
6 42
1 2
10 22
6 63
6 27
4 7
10 13
9 45
7 52
8 57
2 54
7 94
2 36
8 76
8 87
3 24
7 46
7 72
4 44
4 74
3 75
3 10
10 13
7 31
8 55
2 17
10 43
3 59
5 54
2 11
2 74
2 37
10 13
5 80
6 63
1 17
8 33
6 77
5 66
7 14
9 93
5 31
3 99
7 37
7 11
2 69
10 56
6 15
3 83
3 36
4 85
2 91
6 52
6 76
5 45
6 70
7 71
7 55
1 89
1 20
2 91
4 23
8 90
3 5
5 100
2 48
4 11
9 18
7 94
3 9
7 69
2 32
5 95
5 61
3 13
3 1
7 98
4 12
1 59
3 21
2 41
6 55
4 41
9 6
2 88
8 59
3 16
6 56
9 53
4 70
8 91
6 20
4 6
5 87
1 20
5 79
1 95
4 36
6 74
8 61
3 36
4 35
7 69
5 24
4 59
6 98
10 94
10 78
4 79
4 29
7 56
10 61
5 41
4 25
3 7
3 48
4 98
10 66
5 0
7 61
7 81
5 18
7 4
4 0
2 43
9 78
4 42
5 70
8 92
2 68
3 21
10 94
4 15
1 77
8 4
8 39
10 58
4 81
10 18
8 27
8 89
4 74
3 49
6 46
8 36
3 19
6 21
3 47
8 83
9 22
5 24
6 38
9 79
6 15
7 86
2 79
2 65
10 6
6 99
2 19
10 80
8 63
9 70
5 63
6 36
4 25
10 11
3 24
2 64
10 45
10 92
8 72
4 38
9 17
1 49
2 32
2 27
10 17
6 27
3 71
1 48
2 79
8 26
8 48
4 86
4 64
5 56
8 68
4 45
3 40
5 35
3 14
6 83
10 51
7 25
10 100
9 49
3 64
4 31
10 90
7 51
9 7
10 67
2 85
9 25
6 87
1 25
8 72
10 61
8 33
4 20
6 40
2 46
7 96
3 28
7 74
10 98
7 58
1 34
3 40
10 18
5 95
1 15
3 90
5 20
2 81
3 49
8 60
2 14
3 22
5 26
3 13
5 32
10 26
1 18
6 60
1 19
5 28
6 69
7 8
9 89
5 49
5 21
3 23
10 17
5 59
1 70
3 36
4 18
2 49
6 1
9 90
10 33
7 77
9 92
5 31
4 36
7 28
6 3
2 60
4 30
6 17
4 1
1 49
1 0
5 64
6 10
5 86
10 59
10 30
8 87
10 53
2 43
2 62
5 34
8 26
1 74
3 8
7 79
5 21
7 11
6 12
2 57
2 56
8 12
1 50
8 61
3 25
10 97
5 6
8 19
2 30
10 82
4 14
3 90
2 83
7 82
7 23
1 90
9 4
9 2
9 13
6 46
3 54
1 93
1 86
9 57
1 10
3 25
4 38
6 19
5 94
10 46
1 58
7 80
5 22
1 92
1 97
6 55
6 65
2 55
8 29
4 85
3 29
2 15
9 29
5 46
8 1
10 42
7 100
7 47
4 28
6 90
3 72
3 34
5 41
5 60
3 100
4 38
2 87
5 52
6 89
10 16
8 88
5 63
7 51
10 93
9 12
8 52
9 8
8 54
2 59
5 56
1 90
2 46
1 35
4 63
2 82
5 100
1 2
4 32
9 21
9 50
10 98
3 80
2 24
4 38
2 9
4 72
10 75
2 62
2 3
5 64
2 56
8 88
4 67
2 49
7 21
5 30
2 19
1 14
10 22
9 0
6 92
3 13
2 89
8 95
4 92
5 23
2 36
1 21
2 79
1 88
6 52
6 31
9 74
8 75
2 27
8 50
1 72
3 1
1 84
4 84
1 86
9 8
6 66
5 67
9 58
10 15
6 6
8 84
5 27
8 18
7 47
7 44
5 20
3 58
3 81
1 30
9 69
8 45
1 23
1 77
8 37
4 68
4 44
6 41
9 29
1 21
6 0
9 2
3 6
7 69
1 27
3 28
7 79
7 4
8 27
6 13
4 37
5 75
9 13
5 28
4 15
1 27
1 26
5 94
9 71
8 63
1 39
5 97
6 75
10 64
9 15
3 12
2 79
8 64
5 37
1 54
4 14
10 99
10 76
9 9
2 27
8 87
10 25
8 12
2 77
4 83
6 53
3 3
4 66
4 27
9 39
6 79
3 0
3 62
6 54
7 28
7 12
5 40
8 49
3 18
6 46
9 76
4 50
8 28
1 10
5 96
3 62
2 82
7 66
4 13
2 44
7 65
10 91
7 72
4 5
5 13
1 64
6 81
7 32
6 74
7 90
7 62
8 59
7 63
5 76
6 41
6 60
3 54
7 3
3 35
4 43
5 69
8 0
7 72
4 78
6 36
4 3
9 3
3 47
3 10
8 5
9 28
4 25
5 20
5 25
7 64
3 22
6 44
9 69
2 58
6 68
3 60
2 34
8 90
1 46
8 78
1 91
10 68
6 70
5 33
5 84
2 96
10 12
5 41
9 24
6 65
1 38
5 10
8 50
4 35
10 54
5 77
7 6
7 76
6 13
3 48
10 60
2 36
2 68
8 64
3 57
3 17
3 100
2 47
9 78
5 34
5 52
8 64
4 19
1 52
2 50
9 49
7 2
2 35
6 14
2 48
1 85
9 9
2 76
9 85
4 31
5 57
7 82
8 48
2 33
9 97
3 99
5 4
9 64
8 96
9 28
7 68
5 35
7 23
5 49
6 94
8 95
2 67
3 21
2 62
1 61
6 16
3 56
10 7
8 85
5 36
8 96
6 1
8 7
10 91
4 1
10 59
4 14
1 21
7 38
7 80
7 22
6 51
9 30
7 62
2 76
5 88
3 11
2 84
7 41
9 14
8 38
7 72
3 87
3 35
8 48
5 17
2 42
4 61
2 94
8 53
3 30
6 48
8 80
8 17
9 50
10 55
6 31
6 73
9 41
6 44
5 39
5 95
2 99
3 26
10 10
3 97
4 29
3 33
7 30
6 9
4 62
4 97
4 39
1 63
5 67
2 19
4 16
3 90
1 8
9 90
8 9
3 16
6 97
9 100
10 72
2 0
4 91
7 2
2 2
8 5
4 82
6 11
4 18
9 3
8 67
5 20
9 75
1 83
1 35
10 66
2 30
2 80
7 67
4 52
5 64
1 80
6 49
7 71
6 23
7 53
7 15
2 82
9 73
4 60
7 2
5 45
3 0
10 70
5 58
6 81
3 53
6 37
2 91
6 17
4 23
5 73
9 100
6 21
2 6
8 84
9 83
9 67
1 67
5 14
4 8
5 15
9 38
1 47
6 50
4 69
6 96
1 11
8 80
3 11
8 99
1 20
4 55
4 95
1 35
9 15
4 83
2 72
9 25
10 69
3 9
3 23
9 23
3 39
2 41
8 22
8 20
10 25
7 80
9 28
4 67
5 42
10 9
9 59
4 13
3 64
3 59
10 19
5 21
2 80
1 25
10 27
7 63
8 0
10 62
2 91
8 76
1 25
2 53
5 2
10 95
7 7
6 80
6 62
6 19
10 47
1 90
4 41
3 100
3 90
7 22
2 30
3 79
2 61
8 26
1 29
3 91
8 20
6 69
6 38
10 33
10 29
4 91
1 27
1 52
2 39
10 95
7 26
10 99
10 32
6 13
3 15
5 84
7 80
7 41
1 87
4 67
7 60
2 24
10 32
7 67
9 78
5 83
1 85
9 6
2 95
3 97
8 15
10 83
5 27
2 59
2 25
3 71
9 64
1 25
8 42
4 76
9 41
3 11
1 2
7 17
2 51
6 93
1 22
2 42
7 99
1 52
5 99
5 2
5 34
10 93
10 40
6 6
5 88
6 31
7 98
7 16
4 24
6 56
6 70
7 52
10 31
4 75
5 10
10 22
1 57
4 68
1 40
1 47
4 51
8 77
3 70
9 52
2 100
6 7
2 22
9 24
6 25
6 97
2 35
7 35
6 44
5 9
3 75
5 0
4 43
1 51
1 44
7 31
9 73
2 36
4 49
6 55
10 87
9 37
2 2
2 60
2 79
4 24
8 44
4 70
5 38
9 36
7 18
10 83
8 86
3 87
2 37
1 15
7 50
6 27
4 59
4 52
1 29
3 9
2 8
5 89
7 52
8 35
3 80
4 48
4 15
2 31
8 60
2 14
3 77
1 90
6 59
4 38
2 54
2 14
4 19
6 29
2 77
1 57
10 75
9 65
4 79
3 100
9 17
1 34
3 94
1 7
6 77
4 93
7 23
8 6
10 64
2 5
2 51
6 89
10 13
10 9
1 42
6 48
1 99
2 39
6 67
10 60
2 11
5 37
1 1
10 90
9 52
1 81
2 94
4 56
5 59
9 83
9 58
4 0
3 90
6 4
1 87
9 23
8 11
6 97
2 58
6 97
3 54
5 85
8 76
1 81
4 40
1 9
1 52
4 2
3 45
1 49
2 98
5 18
3 24
8 34
4 59
3 33
7 37
3 30
1 21
4 50
8 44
5 77
2 27
9 12
4 52
3 54
1 72
5 31
2 12
8 95
4 5
9 79
5 54
9 64
5 36
10 14
9 86
1 94
4 31
8 13
2 67
4 12
1 14
5 35
5 93
5 50
5 76
6 2
4 2
5 42
5 92
9 99
7 2
4 62
6 75
1 75
8 95
8 46
3 68
9 76
2 37
6 1
10 9
7 24
3 40
8 33
3 67
4 85
4 42
4 28
9 45
2 47
2 98
10 13
2 41
4 64
8 93
10 34
9 2
2 62
3 13
4 2
3 83
4 51
2 20
1 33
7 84
5 42
6 24
8 13
8 94
1 69
3 15
2 94
6 97
6 95
5 43
7 43
10 33
10 50
8 97
4 41
2 82
2 45
1 43
2 95
8 100
5 68
8 87
2 84
5 31
2 62
2 21
8 28
5 63
2 31
10 1
7 56
6 52
10 10
5 10
10 90
2 53
1 24
6 78
8 99
1 13
3 80
9 67
2 67
4 50
8 70
9 98
3 49
7 25
8 95
6 59
5 57
1 19
3 61
9 21
4 46
3 77
1 87
7 74
9 91
1 9
6 32
4 99
7 18
2 50
6 94
7 59
1 64
7 64
10 85
6 80
9 92
9 42
6 51
10 2
8 90
6 45
7 43
6 33
7 73
10 21
3 19
3 85
10 53
6 50
3 76
1 5
1 59
2 19
3 62
1 57
4 24
8 89
7 4
10 70
3 33
3 68
3 82
7 7
2 38
3 70
9 82
9 76
4 94
9 20
9 43
1 92
7 28
7 78
9 46
4 22
6 72
1 17
7 10
2 38
3 92
1 95
4 88
10 73
2 4
5 45
6 81
5 46
1 51
5 67
5 1
6 25
5 3
6 2
2 13
10 57
10 66
3 71
5 49
4 95
6 74
1 77
8 85
5 45
4 96
5 12
1 100
4 56
5 34
3 42
10 9
9 61
2 42
8 7
4 23
1 1
6 33
8 96
9 26
2 20
5 42
6 85
7 86
2 90
10 19
6 38
8 76
10 11
2 86
9 72
8 99
4 36
7 28
5 55
8 25
10 48
5 37
10 31
3 24
2 59
1 69
6 71
8 92
7 100
1 79
5 44
6 1
7 24
9 8
9 71
5 56
3 83
2 52
4 86
3 69
8 0
6 78
2 53
7 91
7 67
4 53
5 38
7 67
4 39
10 18
9 53
6 39
6 16
1 11
4 64
4 1
3 60
8 10
1 41
1 85
3 54
3 8
4 36
10 36
1 66
4 30
7 6
3 41
6 80
3 13
4 42
8 63
1 37
4 13
5 10
7 53
10 34
6 63
6 20
6 93
6 0
6 48
4 73
7 48
5 41
1 19
8 67
8 10
6 31
7 67
7 14
3 29
8 42
3 6
4 78
1 70
7 13
2 18
10 63
1 79
7 61
4 27
6 36
10 68
10 9
2 39
9 88
7 38
9 72
8 76
10 60
6 92
9 72
1 71
8 46
3 31
10 9
8 49
1 3
4 72
9 84
10 28
9 33
5 54
7 4
2 74
5 91
9 10
3 6
2 14
2 6
1 80
7 65
6 56
4 24
9 80
2 88
7 9
8 55
5 39
2 9
10 55
3 76
7 49
2 47
4 51
2 32
9 12
6 73
2 46
4 99
1 71
3 31
5 86
2 71
2 82
10 11
8 89
5 54
3 70
9 10
8 89
6 21
1 76
8 60
3 13
10 31
6 36
8 99
4 22
9 76
7 9
9 44
5 81
8 62
6 6
3 18
9 83
5 65
3 62
5 66
3 9
9 73
4 12
9 14
2 72
10 37
2 61
8 12
2 66
3 67
5 7
8 32
8 29
7 39
9 66
1 76
5 41
5 99
4 51
4 20
10 5
6 38
3 22
5 33
5 44
3 38
8 22
2 67
10 17
6 100
9 45
3 98
4 77
7 94
10 26
1 48
2 67
5 93
4 99
2 100
6 74
2 99
6 65
5 56
3 55
8 56
10 83
3 93
6 25
1 47
5 92
8 96
2 82
7 83
2 33
1 21
5 21
3 45
7 46
2 64
4 33
8 46
10 97
4 67
4 55
5 15
7 17
3 3
6 57
2 6
9 15
5 74
5 87
3 40
6 0
6 47
5 6
9 61
6 31
4 43
3 3
4 94
2 68
6 60
4 84
6 21
2 72
1 26
5 4
10 21
10 79
9 40
1 60
7 75
10 28
2 96
1 46
7 42
2 45
3 90
10 16
9 7
7 43
1 19
5 20
4 30
9 49
9 18
5 81
8 52
8 9
2 59
3 35
1 90
4 61
7 56
5 30
4 45
2 55
8 93
3 86
8 52
5 14
4 95
2 18
5 83
10 34
7 6
8 57
1 83
2 60
3 10
5 40
10 25
2 53
8 65
3 87
9 99
6 85
7 87
5 11
8 98
3 3
5 92
7 94
5 41
1 8
7 39
3 74
4 73
1 20
3 64
2 1
7 93
2 87
5 52
10 54
10 60
2 87
4 52
6 55
2 47
10 49
3 57
9 93
8 87
3 64
3 63
5 21
3 55
1 22
6 84
1 11
8 29
10 23
1 93
5 84
3 75
3 55
4 55
6 44
5 73
9 100
1 93
10 72
9 85
10 91
7 46
3 51
4 87
7 29
2 86
9 46
8 3
10 63
7 81
1 46
2 41
8 18
1 94
6 0
1 46
2 54
6 16
9 8
4 19
1 32
2 29
2 9
6 76
5 51
4 9
6 77
1 64
1 38
4 1
3 35
7 2
1 64
6 47
3 21
8 0
9 83
9 17
7 85
4 82
4 57
3 16
4 32
2 0
4 61
1 17
8 66
10 10
2 47
3 96
10 93
4 0
4 1
3 69
7 45
2 63
6 47
5 42
5 66
8 66
2 4
3 2
5 31
1 77
5 52
10 69
6 3
2 11
10 41
3 22
4 97
10 26
2 97
8 41
3 38
10 17
6 28
6 57
10 46
10 66
10 10
6 14
4 21
2 10
7 97
7 78
8 69
9 25
7 99
4 9
3 41
6 84
3 87
8 64
8 86
1 45
10 46
10 4
10 81
3 40
8 56
3 27
2 100
7 76
1 44
5 4
2 66
8 88
4 1
10 6
7 85
6 37
2 74
1 91
10 64
8 85
10 31
7 78
2 99
8 68
3 23
8 69
8 23
4 72
8 29
10 28
8 82
2 35
2 38
1 11
6 9
4 50
9 9
10 79
1 23
6 38
2 95
5 29
4 84
5 72
3 88
5 8
9 36
5 53
6 74
3 99
7 12
7 5
8 39
10 45
5 30
9 23
10 80
2 2
10 71
5 22
8 40
5 0
5 71
7 88
6 40
4 82
3 62
5 84
1 37
7 58
2 43
4 78
8 18
2 83
7 79
9 23
9 33
7 27
9 78
9 5
7 77
4 45
5 55
4 84
2 84
1 99
2 14
7 10
5 67
9 79
2 67
10 50
3 20
6 72
9 0
4 86
5 27
6 85
2 1
9 61
4 84
1 89
2 33
10 47
2 81
2 76
7 27
5 70
10 78
3 80
10 39
6 91
2 14
6 65
7 4
3 14
8 60
5 5
7 26
2 74
1 22
9 91
10 53
7 67
4 29
8 77
1 15
9 13
10 50
6 38
5 39
3 42
1 97
9 40
4 43
3 6
3 62
1 4
1 24
2 47
3 51
2 67
2 31
7 90
2 73
1 62
7 6
8 88
9 23
10 14
4 71
3 47
9 52
5 19
10 17
1 2
7 31
3 62
2 74
9 17
4 30
5 89
6 3
8 92
2 3
9 13
8 99
4 27
1 21
4 40
4 37
2 2
7 86
8 19
1 53
5 52
2 34
1 16
7 87
6 5
10 41
8 94
4 95
4 15
10 99
2 43
8 72
1 1
5 87
5 15
4 39
8 25
4 36
2 81
6 38
2 79
10 2
10 39
1 23
2 75
6 82
8 68
4 79
6 15
1 67
3 28
6 90
1 49
5 17
5 54
3 36
6 76
8 19
8 84
1 64
7 57
5 28
2 18
6 76
10 69
4 27
9 29
4 14
4 85
3 95
10 15
1 74
6 72
5 47
6 61
6 35
1 20
8 99
3 82
7 50
1 42
6 69
4 23
5 9
1 17
10 57
10 87
9 72
4 17
8 35
5 40
6 54
8 94
9 2
9 27
7 68
2 51
8 48
4 56
9 17
1 82
9 1
6 38
3 87
10 6
10 33
5 33
7 91
3 63
6 65
4 30
8 38
5 81
7 48
5 65
6 18
2 66
9 81
7 60
2 64
7 51
6 76
2 48
3 74
5 0
6 95
2 46
6 41
9 12
9 84
6 3
3 68
7 74
2 85
3 60
9 53
2 85
1 85
9 54
2 80
8 34
2 62
1 8
1 3
4 99
6 45
1 19
4 31
6 3
4 76
4 2
2 53
8 87
1 3
7 51
6 4
8 24
8 94
3 69
1 52
9 21
8 40
9 98
7 100
6 53
8 74
2 58
2 83
1 8
7 3
3 64
5 74
6 78
3 22
8 22
7 71
7 76
2 74
10 67
6 27
8 2
4 37
4 3
8 26
2 49
10 77
7 56
5 11
5 66
5 21
1 60
7 44
7 92
7 9
8 98
6 67
8 17
4 82
4 92
8 16
2 43
6 2
6 93
7 87
4 36
9 9
7 30
5 36
9 67
10 86
6 20
8 91
7 77
1 15
6 6
7 26
10 6
10 5
7 55
1 28
5 61
10 90
8 98
1 45
1 1
8 69
8 10
2 86
5 11
9 76
4 91
6 88
10 0
3 49
8 77
4 29
5 33
5 19
6 55
3 73
5 64
10 90
7 83
4 45
9 45
10 77
9 22
8 99
2 49
5 98
10 15
8 32
4 26
9 53
1 29
10 71
9 2
4 88
8 96
1 74
8 85
8 63
10 32
2 56
7 19
3 36
1 7
1 3
4 37
10 74
3 2
8 61
2 71
3 1
8 8
4 19
6 82
10 58
1 50
3 2
5 37
1 51
4 79
3 13
1 0
6 13
6 86
2 15
10 18
9 58
4 67
9 88
8 16
8 12
10 53
3 7
4 54
5 10
1 96
3 14
8 94
2 97
7 14
10 22
2 78
4 25
6 68
2 20
7 38
7 43
10 33
8 56
9 14
2 92
5 7
2 10
5 43
4 75
1 71
1 35
7 75
8 32
3 30
9 26
2 95
6 79
1 83
9 78
7 9
5 68
5 53
10 50
4 39
4 47
4 53
4 64
10 4
9 12
8 78
8 66
3 5
3 79
4 72
1 52
9 12
7 28
8 49
1 54
4 37
1 35
2 50
1 77
10 20
10 21
10 45
1 68
9 83
7 92
9 57
3 23
10 18
9 13
5 11
9 37
8 23
10 67
9 32
8 38
1 10
3 2
9 22
7 42
8 52
8 27
10 0
7 63
1 36
7 93
3 98
10 86
6 10
6 70
3 80
1 55
9 25
6 17
7 47
1 73
5 86
3 75
6 50
7 3
9 95
10 63
9 69
5 76
1 90
2 71
3 61
8 47
10 95
4 99
8 41
3 3
8 61
6 19
4 57
6 44
3 52
5 22
5 2
8 20
6 74
8 55
2 68
3 3
9 16
5 96
9 46
6 51
4 2
7 38
8 39
10 7
8 51
5 41
5 81
5 28
6 88
10 95
8 11
4 36
3 31
5 85
6 32
5 82
1 94
3 90
9 40
6 80
7 95
7 62
9 64
4 4
1 99
10 3
1 38
1 45
10 43
8 50
7 41
8 17
9 86
3 62
7 51
3 67
4 40
6 40
3 54
9 42
10 22
9 6
8 40
5 82
5 83
5 52
4 67
4 78
7 44
8 65
9 52
4 75
9 11
4 9
5 99
2 84
8 19
3 4
1 5
9 83
3 14
1 93
4 49
2 43
4 33
10 41
8 19
2 13
9 17
10 81
5 14
9 1
4 98
9 9
7 75
7 91
3 99
9 49
7 58
7 97
6 89
5 83
5 99
10 43
6 37
10 77
2 53
1 69
7 38
9 70
4 81
8 18
4 31
1 50
10 79
8 6
7 43
9 3
9 63
5 33
6 23
1 37
10 80
8 88
7 35
9 100
6 55
3 88
6 3
4 86
9 39
3 82
7 83
4 58
10 77
4 79
2 29
5 59
8 11
1 49
5 45
2 39
9 75
5 94
7 92
6 80
3 39
7 96
8 80
8 22
8 9
1 92
10 66
6 82
1 60
7 83
1 29
7 48
8 94
1 81
7 26
3 18
1 46
8 39
3 46
8 51
4 63
6 94
2 40
8 62
6 18
3 98
8 27
5 16
6 6
2 67
9 57
4 54
1 65
1 49
5 50
2 68
7 51
8 43
5 67
6 55
2 98
4 77
3 23
3 12
4 90
9 30
4 41
8 21
4 36
7 57
3 51
6 30
1 96
2 39
1 9
8 1
10 68
10 79
4 61
4 79
10 39
6 1
4 59
6 87
6 18
7 41
7 86
6 13
4 86
4 73
8 29
2 37
5 33
6 22
7 27
3 33
4 48
2 55
3 2
10 23
8 99
3 75
9 94
10 87
3 42
3 64
5 82
3 6
9 29
10 58
6 56
10 81
10 20
7 3
8 6
9 40
9 42
4 71
1 68
2 33
4 2
4 4
4 10
9 32
3 70
8 87
5 15
9 5
1 79
5 98
3 36
10 88
2 0
5 17
6 5
8 70
5 5
6 50
3 22
4 93
4 57
2 86
1 28
7 28
1 41
7 95
8 34
8 31
1 95
2 7
6 24
7 14
4 52
9 28
5 94
6 5
7 55
4 24
7 36
8 97
1 76
5 62
1 47
2 90
2 17
3 3
2 13
8 87
6 25
10 71
9 41
7 48
1 9
2 7
7 90
6 38
8 34
9 3
4 76
10 24
10 26
5 17
8 66
1 15
7 16
9 48
3 60
1 72
9 35
1 48
10 93
4 62
10 89
4 56
10 45
8 22
4 98
4 93
7 62
8 4
9 19
6 64
8 87
4 25
1 32
7 27
6 27
7 44
9 31
8 14
9 55
7 15
5 20
6 41
4 24
7 26
5 4
4 49
5 82
2 5
3 89
6 49
8 77
2 0
7 39
10 44
4 31
6 30
8 59
9 65
10 78
8 16
9 1
8 61
7 21
2 59
5 54
10 83
9 91
7 52
9 80
9 93
1 81
9 18
10 5
8 40
3 23
10 14
9 28
6 92
10 99
3 19
2 40
2 6
7 12
9 62
9 89
2 30
9 41
10 48
4 64
9 2
6 96
1 32
10 49
7 80
4 29
5 12
7 1
4 5
4 13
10 77
1 5
4 51
7 88
7 97
2 35
2 49
2 31
1 77
8 46
10 83
3 72
10 30
9 60
7 11
8 64
5 59
7 26
5 76
3 85
1 67
6 66
3 36
4 36
8 28
9 4
4 54
1 53
8 71
7 91
10 24
7 73
5 54
5 76
7 54
6 50
9 34
2 26
1 37
4 55
8 82
1 62
10 44
10 79
3 86
7 10
4 61
2 30
7 7
6 83
2 73
5 6
2 49
9 51
2 59
4 60
1 43
7 18
9 58
6 54
3 52
1 85
10 27
7 54
5 90
2 38
6 53
3 32
10 97
5 65
5 37
3 71
5 13
9 15
7 87
6 10
8 62
1 100
2 84
6 42
3 31
8 44
10 16
4 84
6 90
5 69
3 0
5 53
9 58
2 81
2 55
6 66
6 66
4 72
8 97
1 46
5 42
1 16
3 86
7 90
4 4
5 41
1 68
4 40
9 55
2 74
5 63
8 95
2 37
9 95
7 98
9 12
1 38
10 3
2 75
8 60
2 21
4 93
3 3
5 89
9 45
8 17
7 8
4 85
2 41
8 56
10 59
10 59
4 88
10 26
8 52
5 30
5 77
3 29
3 40
5 10
6 39
6 91
9 51
5 0
1 72
6 66
7 83
2 47
5 49
8 14
5 99
9 90
8 38
7 75
9 37
1 77
7 81
1 64
3 5
5 11
7 83
10 19
7 83
5 3
10 98
2 63
10 89
9 92
5 96
8 15
10 15
9 18
5 77
6 51
1 77
6 49
4 25
9 5
8 18
6 6
4 82
4 54
2 12
7 92
6 12
10 98
5 44
10 53
8 73
9 1
9 55
8 84
7 78
5 27
8 78
9 36
3 17
9 52
8 18
8 62
7 34
4 24
2 86
4 54
7 24
1 17
2 51
9 73
3 45
4 83
10 68
9 22
3 66
4 40
2 27
6 91
10 82
9 88
6 51
10 21
1 71
2 58
1 75
9 72
1 7
3 19
1 27
9 72
3 53
4 32
5 78
10 67
2 75
5 55
7 49
3 48
8 31
4 54
3 91
10 12
4 35
1 20
10 17
6 61
1 91
10 89
1 58
2 35
10 43
9 10
1 42
10 3
5 50
8 47
1 83
1 97
2 75
5 31
2 95
9 93
5 46
5 19
4 33
1 5
8 95
4 3
2 20
7 14
6 48
2 61
10 71
6 73
6 86
5 13
4 7
3 64
7 61
3 82
2 92
9 50
4 87
10 29
7 28
5 78
8 71
4 66
5 18
1 36
10 23
10 67
5 83
7 88
8 55
1 48
5 39
6 43
10 35
7 40
3 51
1 93
7 14
2 82
5 16
4 30
10 81
1 75
2 46
4 39
8 91
1 87
7 73
10 72
5 64
1 38
4 4
2 10
1 94
7 49
6 6
4 13
5 78
3 71
1 27
7 1
10 19
5 69
10 20
6 85
1 1
1 69
9 26
1 63
6 16
4 78
9 15
9 26
8 48
6 67
3 58
8 86
7 39
5 9
6 14
1 41
7 9
4 9
2 13
8 10
4 9
2 16
2 62
1 51
4 31
2 28
7 41
9 66
5 91
10 56
7 53
1 41
4 28
6 46
10 37
8 70
10 60
7 89
9 55
1 99
5 11
2 46
9 65
8 24
10 90
5 82
9 37
5 35
2 35
2 40
10 32
5 91
5 39
1 58
3 68
4 11
2 74
10 71
2 69
5 29
3 92
2 93
5 34
6 60
9 35
5 31
2 28
5 41
8 77
5 99
8 98
6 40
6 31
1 71
5 58
4 64
10 33
5 14
1 83
5 100
1 58
8 35
7 16
8 51
1 17
10 83
8 25
9 6
6 3
4 16
1 31
7 43
1 6
1 41
7 77
5 48
5 90
3 27
4 1
8 51
1 51
4 48
7 28
7 1
2 84
3 100
9 5
5 84
10 99
8 94
9 23
2 95
1 86
2 14
10 27
3 39
3 55
5 28
6 66
5 47
8 48
6 47
10 29
2 72
9 55
6 73
10 8
2 79
1 94
5 2
6 35
2 65
1 47
5 31
5 2
3 41
5 93
9 50
1 77
1 90
2 47
1 45
1 80
10 68
6 91
1 1
1 75
5 38
10 33
2 10
1 30
6 7
9 83
6 0
1 55
8 35
10 35
10 94
6 77
2 62
9 90
7 83
9 100
3 80
9 25
7 97
1 65
4 96
2 56
6 12
6 32
2 62
5 17
3 91
4 61
6 21
1 47
5 16
6 33
5 92
6 54
1 34
5 41
6 79
9 17
7 15
2 38
8 86
1 8
1 100
5 15
5 4
7 47
9 65
3 15
4 20
7 87
7 86
9 98
5 19
1 68
2 33
5 96
5 83
3 74
3 80
2 56
5 46
1 10
5 78
7 65
7 92
7 65
6 22
2 23
5 16
9 89
5 99
5 82
9 25
9 99
3 86
7 0
6 90
6 35
4 57
8 80
8 15
4 87
8 20
2 57
10 26
9 85
8 67
9 84
2 26
6 5
5 46
1 38
8 67
6 25
7 80
3 94
5 66
1 97
8 96
9 89
5 55
1 54
10 29
8 26
9 41
5 99
7 32
9 8
6 18
8 91
6 89
10 95
4 27
8 65
4 54
7 97
1 3
3 54
8 27
4 33
3 53
10 66
9 75
6 37
1 44
3 6
9 4
3 76
2 27
8 16
1 78
1 83
4 86
9 19
9 85
10 72
4 81
8 76
6 35
3 82
9 73
10 73
1 75
5 7
5 85
3 45
2 98
4 55
7 56
2 95
10 23
1 82
8 12
4 90
1 5
8 66
3 12
7 60
1 100
9 5
7 89
1 78
10 50
7 20
6 81
4 79
10 0
2 69
1 42
7 44
6 81
3 63
4 21
8 30
5 54
3 54
6 86
2 89
1 3
3 45
7 84
10 70
9 83
7 9
9 45
7 62
3 72
6 36
1 79
5 2
1 16
1 54
5 74
3 46
6 5
9 77
6 3
7 50
6 2
4 69
2 13
7 55
4 90
10 6
4 89
6 76
4 46
5 66
2 72
8 60
4 3
4 90
6 58
6 100
8 72
1 93
1 43
8 54
2 20
1 58
2 41
4 37
7 97
1 33
8 1
3 8
10 65
6 23
9 11
1 77
2 16
4 3
8 65
3 75
5 32
1 64
1 18
2 74
5 68
4 98
10 98
5 94
10 45
7 92
8 5
7 99
2 18
2 26
5 93
3 18
3 75
9 99
7 44
1 75
5 2
5 1
9 44
4 24
8 88
7 2
4 66
4 4
3 75
5 33
1 61
3 13
4 7
4 86
7 80
7 91
9 14
10 73
9 82
9 19
3 46
3 21
1 32
9 40
9 74
9 54
4 43
2 88
6 74
6 10
2 61
10 29
7 46
6 81
3 27
4 95
3 58
6 99
1 37
4 12
4 23
6 68
6 11
10 96
10 89
2 56
3 95
7 33
2 43
6 2
6 0
4 2
4 61
1 0
3 98
5 52
1 98
7 55
8 90
9 4
2 51
6 1
3 41
6 0
4 42
2 37
10 86
5 82
1 83
1 78
6 63
1 27
10 99
4 100
1 22
7 7
2 71
4 7
10 38
10 18
4 65
3 35
10 7
3 72
8 99
9 44
6 12
10 80
3 42
7 88
1 0
8 38
4 91
2 1
5 79
10 71
6 44
1 98
5 1
10 62
1 39
1 51
3 39
8 81
7 74
5 84
1 95
3 4
10 98
7 40
9 5
10 89
5 53
6 43
4 68
4 29
3 36
9 95
6 30
4 71
3 31
6 69
1 13
2 51
5 40
2 80
4 28
5 60
10 15
7 80
6 7
2 32
4 28
7 40
4 39
1 1
5 2
10 66
7 29
10 14
10 82
1 98
4 30
1 74
2 49
3 12
10 95
3 100
2 15
7 4
5 8
6 51
4 40
9 18
4 5
2 99
7 45
10 54
9 46
10 47
8 75
5 58
7 85
5 93
9 35
2 39
4 79
6 71
1 89
4 44
10 56
2 63
3 47
7 57
9 90
3 27
3 14
6 5
9 48
9 81
7 51
9 28
3 66
1 8
2 96
5 30
9 6
3 73
1 9
6 70
4 4
8 88
2 70
4 0
6 73
3 78
1 42
4 34
4 35
8 82
5 74
7 22
4 65
9 74
7 0
6 21
3 77
5 17
8 95
3 72
8 95
8 93
3 33
2 25
2 63
9 16
5 31
9 41
5 24
8 12
7 39
2 3
3 96
1 35
9 8
7 85
7 73
10 97
3 61
6 54
8 79
9 86
1 71
6 29
8 74
3 40
2 27
7 65
9 9
3 7
3 26
4 21
6 76
2 6
1 68
8 91
2 90
1 24
9 32
1 19
7 22
1 39
9 86
7 27
1 43
2 48
2 23
7 4
10 86
9 48
1 25
3 42
6 99
9 28
4 18
3 0
2 60
9 1
1 45
7 79
10 74
9 39
10 84
6 66
10 30
10 28
9 2
5 58
2 36
1 64
2 27
8 17
3 14
3 66
4 59
2 97
2 26
5 95
5 83
1 45
5 18
3 20
1 78
9 74
10 61
8 41
4 95
7 82
3 23
7 16
10 31
9 18
8 36
2 93
3 61
8 74
6 13
5 63
9 2
4 61
5 58
4 91
5 100
2 11
9 25
6 95
5 91
9 72
3 17
2 7
6 37
5 37
8 18
6 20
8 83
2 34
1 4
10 96
3 34
1 41
10 16
4 33
4 82
2 47
5 87
10 52
10 48
1 72
3 3
3 7
3 25
4 32
3 1
6 32
1 79
9 7
6 74
6 15
3 74
1 61
8 59
10 76
2 90
1 78
7 16
6 85
9 57
1 2
10 42
4 33
6 78
6 12
2 36
8 86
7 8
1 73
3 14
2 28
6 73
3 58
2 33
5 90
5 19
3 90
6 52
10 45
5 23
4 48
5 74
4 86
2 11
4 43
5 91
8 5
3 97
1 57
4 69
7 26
2 72
1 0
6 52
5 10
1 57
2 85
10 64
10 69
2 61
3 74
3 27
4 88
3 16
5 34
10 29
6 79
8 14
1 47
6 84
3 13
9 49
2 81
9 14
9 28
2 59
7 96
8 38
4 78
7 71
7 64
7 93
3 25
2 40
1 69
6 85
3 17
1 50
6 99
4 45
7 1
3 17
7 48
3 82
8 4
4 20
3 27
6 71
5 17
8 63
1 0
7 59
4 97
5 43
9 2
4 68
4 47
9 69
1 64
4 36
4 62
5 46
2 58
4 90
1 65
8 30
3 54
6 39
3 63
2 18
6 79
8 33
10 71
8 26
9 64
8 65
4 45
1 45
4 24
5 10
9 90
3 60
7 84
1 83
10 92
4 59
1 28
9 74
8 60
9 71
1 53
10 32
2 4
1 31
5 38
2 56
5 61
3 75
5 7
7 76
8 11
1 92
2 65
7 73
9 90
5 33
5 91
10 30
3 39
8 8
10 34
3 42
2 73
2 33
2 92
9 20
3 0
1 59
7 93
2 57
9 39
8 14
3 90
1 85
4 64
9 48
2 20
1 66
6 15
6 73
2 71
8 63
1 78
5 44
6 88
4 17
3 98
8 58
7 50
7 48
1 34
2 52
3 11
9 17
5 69
10 1
3 22
6 77
3 40
9 89
4 1
8 92
2 73
10 92
8 94
10 81
10 7
3 48
9 37
1 98
10 13
4 25
4 31
6 72
5 98
5 32
8 45
5 59
10 52
9 83
5 66
8 54
10 16
3 18
10 8
10 54
8 28
8 20
4 60
7 45
7 55
4 66
9 55
6 68
2 53
7 82
6 32
10 32
9 5
7 69
8 14
8 24
6 56
8 41
10 88
8 41
5 65
1 94
4 86
2 27
9 36
5 33
4 94
8 19
5 7
6 44
4 57
4 93
5 100
3 39
5 4
3 98
4 74
2 56
1 56
3 97
3 19
2 98
5 45
5 47
8 41
8 39
9 14
4 86
5 23
3 58
8 67
8 95
3 62
4 5
7 80
1 89
3 13
2 4
6 15
5 40
9 78
7 27
8 57
5 85
1 11
6 0
1 95
7 2
3 48
5 15
7 53
6 45
7 71
1 31
3 19
8 2
5 20
1 0
3 0
10 46
10 69
6 42
1 27
7 26
3 22
6 99
8 41
3 59
3 2
8 14
4 77
9 19
2 4
3 4
3 63
9 34
10 60
3 39
10 60
7 7
1 69
7 34
6 97
6 23
4 71
7 89
1 70
5 21
3 100
2 85
10 18
9 15
3 52
4 56
9 6
1 87
10 91
9 86
7 85
1 0
3 38
6 30
3 70
8 98
8 9
10 95
3 92
1 50
4 89
4 9
4 94
2 50
7 26
5 9
4 23
3 24
7 25
8 83
3 98
10 50
9 1
9 70
5 84
3 56
10 22
2 86
1 51
8 23
4 54
6 51
5 31
3 4
7 33
2 87
4 82
10 5
1 55
9 50
2 58
7 13
1 98
7 59
5 78
9 73
10 13
3 27
2 26
10 78
5 33
7 31
6 29
1 43
2 43
5 72
9 56
2 100
1 42
4 61
3 36
8 2
1 40
6 79
9 47
5 50
10 47
6 4
6 93
3 82
4 68
5 7
2 46
1 67
4 2
9 43
7 67
6 58
5 40
2 52
4 86
5 81
1 40
4 72
4 91
8 93
7 64
6 56
8 24
9 58
8 11
2 77
8 43
2 11
8 7
7 94
7 6
6 46
10 59
2 98
4 66
8 29
10 82
1 93
2 15
7 37
2 98
1 52
2 65
4 47
10 33
5 98
9 99
2 1
9 85
6 47
5 12
4 77
2 1
7 58
3 39
5 33
7 15
6 81
5 92
1 87
3 53
5 11
10 12
4 62
5 47
2 62
8 43
5 29
4 66
5 80
5 31
8 49
1 73
9 34
9 95
3 25
4 22
3 88
9 50
10 27
6 25
2 55
9 11
10 68
1 93
2 63
5 92
10 49
3 32
4 1
6 97
10 16
2 59
8 90
2 58
2 1
5 38
6 50
1 6
1 44
7 7
5 97
6 56
7 24
7 78
9 38
3 27
5 94
8 84
1 9
8 91
8 57
6 21
6 77
8 92
8 92
10 27
3 82
6 38
4 97
4 43
2 99
9 65
9 57
9 67
6 22
6 71
6 20
6 53
3 77
4 11
2 22
6 81
1 7
2 39
8 20
4 90
5 67
9 79
8 95
9 20
10 27
10 14
9 80
9 17
7 93
3 97
10 47
2 53
1 72
1 57
8 12
4 28
10 0
10 74
10 24
10 26
8 8
10 87
9 35
4 63
1 17
5 60
2 63
3 48
6 95
3 61
2 18
7 79
4 51
3 66
5 94
9 91
2 50
2 61
2 31
8 63
3 60
9 0
4 88
10 0
8 50
5 58
9 5
3 21
3 25
9 31
9 94
2 24
4 89
2 95
7 35
10 0
10 34
3 25
7 95
9 93
1 51
1 71
10 8
3 95
10 82
4 74
2 93
6 81
8 18
7 41
2 74
3 14
8 3
4 56
3 6
5 62
8 87
4 34
1 9
8 37
2 62
9 66
8 50
5 8
1 42
8 48
1 25
1 3
5 19
2 97
1 70
4 75
8 18
4 97
7 90
1 71
1 15
2 45
2 4
3 47
4 100
10 99
6 26
2 11
6 80
1 62
3 16
8 55
1 37
6 33
6 48
1 37
6 59
8 13
7 33
1 7
2 39
4 82
4 62
5 28
6 43
10 8
7 4
6 85
7 65
10 0
8 91
3 97
5 77
1 27
2 61
3 55
1 40
1 49
6 82
5 67
5 100
1 17
6 71
5 99
3 22
9 45
3 44
10 87
2 80
9 28
9 69
10 79
8 93
1 76
4 0
6 53
1 14
9 31
6 36
10 95
5 25
2 92
1 62
10 35
4 74
9 56
1 35
6 98
10 43
3 25
1 90
8 70
2 98
2 73
5 8
5 53
9 52
6 19
1 11
5 74
10 100
2 92
1 38
2 8
2 50
8 50
1 75
5 22
7 60
1 87
7 41
2 7
10 20
9 10
2 32
10 68
9 3
5 74
7 89
8 70
2 93
5 17
8 88
1 21
5 30
2 34
7 55
8 62
9 53
4 62
4 9
8 8
9 30
1 2
3 70
6 99
3 87
2 39
6 63
6 3
6 76
9 26
8 3
8 87
6 70
5 32
3 46
10 62
5 37
1 51
8 24
4 14
1 67
7 84
1 78
4 53
9 34
4 81
10 48
9 3
8 24
3 1
2 12
7 90
5 42
3 79
5 92
7 85
8 75
2 82
2 64
1 79
5 49
1 65
3 81
4 24
4 66
5 15
9 33
7 24
10 62
2 23
9 74
4 43
7 42
8 82
3 21
2 58
1 70
2 2
3 29
5 61
4 87
5 8
3 15
2 19
4 12
4 62
5 26
1 98
4 0
4 13
8 97
10 88
4 66
5 53
1 13
1 93
7 16
2 57
1 47
9 97
3 28
1 0
5 27
7 53
8 44
8 85
9 65
10 7
2 54
8 63
10 94
4 90
1 63
10 99
10 51
10 30
9 34
8 34
2 55
4 39
7 30
6 37
6 100
1 65
6 51
3 100
3 56
10 20
2 76
6 30
10 42
1 45
3 31
7 99
3 17
10 57
3 53
5 47
6 90
3 2
9 45
8 63
6 18
5 43
9 63
5 56
9 42
3 80
1 17
5 74
7 45
7 99
5 93
2 96
1 6
6 100
9 27
8 75
4 22
7 24
5 35
3 95
6 38
10 34
6 25
3 17
9 77
1 64
2 23
2 31
4 42
9 93
6 57
3 15
1 52
3 89
6 4
1 18
3 44
10 80
7 37
4 79
2 23
1 57
7 69
1 63
7 54
8 48
9 57
10 11
9 75
1 0
10 77
9 33
1 31
7 91
3 29
4 79
2 73
1 83
5 87
8 88
6 89
6 9
2 80
4 69
6 95
8 16
3 23
8 1
2 10
3 47
3 42
9 2
9 42
3 0
8 82
4 77
10 71
9 18
3 3
9 63
9 15
4 71
9 18
3 64
8 18
2 36
8 62
5 93
6 6
9 96
7 48
2 68
10 55
6 94
9 46
8 20
7 96
10 88
7 1
2 7
8 84
5 31
9 41
6 73
2 13
10 59
1 12
9 19
7 30
6 61
9 17
5 89
10 80
8 40
8 86
2 31
3 81
10 73
7 3
6 16
7 43
4 3
1 72
5 11
8 5
10 48
8 19
4 2
3 48
7 57
8 44
9 87
7 44
9 17
8 68
6 95
2 15
8 73
6 18
7 88
9 88
2 93
10 62
2 69
3 3
1 28
3 90
6 6
9 36
1 78
6 94
8 66
7 89
8 43
7 77
3 55
7 48
10 62
4 83
10 30
1 65
8 20
9 20
4 47
7 53
6 22
7 78
6 2
3 90
2 92
1 73
1 28
3 46
10 23
8 63
3 8
9 15
3 20
1 25
3 65
9 46
7 33
8 2
10 57
7 89
8 88
3 10
1 29
8 4
6 4
3 9
6 76
4 32
10 17
6 63
6 3
8 81
5 51
8 93
7 33
3 15
5 93
4 10
5 61
4 11
1 27
2 81
3 23
2 84
3 54
4 9
6 52
7 56
2 25
2 73
6 31
6 9
9 29
6 49
5 56
4 79
5 98
5 67
5 96
6 88
2 83
8 47
5 40
4 68
2 54
3 18
2 66
9 73
4 48
8 0
4 15
4 32
1 28
4 17
2 74
4 70
6 22
8 6
8 10
7 77
6 56
10 84
2 78
3 4
5 26
8 4
7 86
7 69
10 27
9 42
5 81
1 29
8 28
7 32
9 50
8 78
2 42
2 81
4 79
5 9
5 27
1 85
2 70
2 75
7 33
1 16
2 55
5 94
5 68
3 97
7 33
9 38
5 48
9 61
10 1
10 20
10 92
2 42
5 24
7 24
6 83
4 69
5 70
5 17
6 61
1 5
1 2
1 12
10 10
4 82
9 88
2 89
7 11
8 37
4 66
1 21
3 18
8 34
9 25
5 72
2 34
3 11
10 96
6 98
8 26
10 81
2 6
2 25
3 57
6 61
10 3
5 30
5 71
7 10
3 71
7 8
2 100
3 79
7 14
7 87
7 33
2 29
8 88
9 2
8 81
7 69
2 6
1 6
10 49
8 53
6 92
5 4
7 54
10 84
10 43
9 74
2 24
3 81
2 86
6 80
3 4
7 52
9 86
2 3
8 75
10 61
10 98
3 69
3 81
4 17
8 4
6 35
1 21
1 68
8 5
3 68
3 97
10 74
3 1
8 66
3 31
6 0
6 22
6 75
3 10
3 100
4 83
7 64
6 76
4 51
7 38
7 0
8 12
8 51
6 98
8 22
9 84
3 89
6 99
9 1
3 68
1 80
2 7
5 75
9 30
9 9
1 37
5 65
4 53
4 20
2 79
8 2
5 46
2 34
10 42
6 50
7 15
10 73
2 27
5 24
8 75
1 99
5 55
1 11
10 62
2 73
3 55
3 98
9 47
3 95
9 7
8 40
3 17
2 6
10 94
2 65
2 56
1 28
4 29
4 7
6 12
3 28
8 41
2 43
8 6
9 70
9 78
1 49
7 14
2 81
6 92
8 43
3 93
3 51
5 71
2 97
10 82
9 73
1 49
8 37
6 75
6 76
1 0
2 24
7 60
5 76
6 24
2 0
9 74
2 57
10 55
4 21
5 13
1 24
7 21
7 79
3 9
2 72
7 74
3 38
4 40
1 63
2 44
5 12
1 51
5 8
9 99
1 69
7 7
4 22
4 8
9 79
9 60
1 49
5 89
7 32
4 63
7 4
8 71
5 4
8 83
1 53
7 97
2 75
2 21
5 14
2 79
9 53
5 52
3 73
3 14
10 67
5 0
3 63
9 26
1 1
1 58
9 76
4 30
8 18
6 49
1 35
4 99
10 24
4 99
8 27
8 80
5 8
2 7
9 23
3 91
1 22
9 85
1 12
6 58
8 41
7 91
3 92
5 56
1 59
1 70
10 54
4 35
3 49
9 96
9 13
6 89
4 93
3 82
10 25
1 43
6 30
1 58
8 96
1 36
10 81
7 44
2 66
9 26
5 89
9 74
5 64
1 14
3 43
9 46
9 86
6 90
9 26
1 75
9 31
3 19
5 56
7 36
5 11
5 95
3 32
7 26
9 10
5 68
10 40
10 88
9 98
4 100
4 3
2 83
6 56
7 83
4 15
1 46
10 0
7 4
1 91
1 73
3 38
1 57
2 58
9 8
10 56
2 16
8 12
10 50
5 83
5 66
3 52
7 63
7 22
7 93
8 55
10 60
10 40
5 84
7 81
3 72
4 30
6 33
6 98
3 61
5 29
4 56
1 1
2 84
8 6
10 81
7 33
8 95
5 60
1 52
4 57
6 1
1 32
5 4
7 16
9 66
7 93
2 25
7 1
2 53
6 13
4 43
3 30
7 47
5 68
6 98
2 28
2 83
1 76
10 80
4 72
1 16
6 93
3 91
10 34
3 5
6 79
4 1
4 4
5 39
2 10
5 38
3 46
10 68
3 84
2 8
10 96
2 87
8 12
10 48
8 18
8 11
3 25
7 99
9 68
4 68
5 91
6 36
7 38
4 0
1 40
3 3
3 16
1 6
1 76
7 55
7 79
3 69
4 95
10 5
1 13
8 27
5 66
1 3
6 51
5 23
7 31
8 55
8 88
8 27
4 62
2 82
8 32
7 23
2 6
2 99
5 4
3 23
2 0
1 72
6 75
9 65
2 47
6 21
2 19
1 36
8 57
1 89
10 93
2 96
3 38
5 32
6 50
5 65
5 9
3 19
3 50
5 58
3 42
10 79
8 43
2 78
2 35
3 85
1 49
4 97
6 4
7 47
8 37
4 96
4 37
1 2
8 33
6 39
3 15
10 61
6 23
6 33
4 50
3 30
8 27
5 28
7 19
3 46
8 96
5 60
9 77
5 39
8 64
5 84
3 5
2 65
9 89
1 1
8 33
8 63
6 68
8 35
7 12
3 70
3 24
6 24
10 51
4 19
8 76
10 12
9 50
7 76
1 69
4 27
5 35
2 99
4 52
9 44
6 8
3 1
5 91
4 99
9 18
3 96
2 4
9 67
8 63
5 78
3 44
2 2
7 74
8 46
4 57
2 37
2 89
1 77
2 14
3 84
7 4
8 94
3 46
1 58
1 18
4 37
5 84
6 79
9 8
5 8
8 77
4 12
7 74
1 47
3 71
8 89
1 3
3 1
2 86
1 21
1 41
4 18
3 27
9 51
5 66
3 77
10 2
8 41
1 75
7 52
10 12
6 78
7 44
7 95
5 90
3 74
8 4
6 18
7 4
6 45
6 84
10 68
10 55
2 73
8 68
6 15
2 38
3 98
6 15
9 98
6 0
1 93
8 9
5 57
8 45
5 38
1 0
10 32
6 24
8 11
9 30
3 100
2 87
2 56
3 36
10 43
10 95
9 65
10 84
7 56
7 97
9 45
9 36
7 77
1 51
10 19
4 8
6 87
8 72
10 46
8 39
7 37
7 13
2 12
1 44
2 30
2 47
4 67
1 82
3 30
10 85
3 22
8 98
4 29
3 1
6 15
10 0
7 6
9 14
1 48
5 19
9 61
3 23
1 92
1 40
7 53
4 29
7 53
7 4
1 20
5 48
7 41
4 62
10 99
3 3
1 76
5 7
8 9
10 87
3 61
8 10
5 16
8 62
3 39
3 80
8 25
9 94
10 83
9 39
10 66
4 11
7 87
8 93
10 58
5 23
5 64
4 81
5 73
6 73
10 45
4 72
8 38
3 10
7 53
3 13
9 65
10 64
8 17
9 40
8 28
1 16
5 85
5 48
7 28
7 56
6 97
10 2
9 70
9 40
3 42
5 1
2 12
8 26
2 68
10 21
4 3
6 32
8 94
8 93
4 46
6 30
2 21
10 34
3 26
9 90
10 21
7 37
5 50
3 0
10 32
1 97
10 0
9 72
9 50
8 77
6 13
8 64
5 23
8 60
6 93
1 44
5 92
9 40
7 85
10 57
4 98
8 49
7 6
3 18
4 100
10 47
6 82
7 57
9 48
7 34
8 52
2 11
9 42
9 98
2 66
4 62
4 92
7 86
10 88
9 23
6 84
7 38
4 68
6 11
5 18
5 70
3 41
3 55
3 99
1 47
2 8
6 19
3 35
9 27
5 80
7 41
6 33
5 88
6 56
4 21
10 57
6 9
6 24
10 77
10 29
8 48
6 57
6 43
7 33
8 4
3 90
10 18
4 7
8 65
7 91
4 94
3 49
2 70
3 95
5 64
10 23
8 35
7 98
5 61
1 20
4 37
3 32
10 19
2 10
4 34
4 51
4 35
7 32
6 58
7 49
8 42
4 67
3 66
7 100
7 26
8 84
4 29
1 64
1 98
4 59
9 0
5 71
10 77
3 67
4 92
5 96
6 40
2 79
4 85
9 52
7 18
5 73
3 16
3 15
7 70
8 60
1 65
2 97
10 80
10 0
7 46
4 73
2 10
2 74
4 100
3 76
8 63
7 16
9 78
2 35
10 69
8 17
4 30
6 18
7 28
4 77
6 79
9 55
5 97
9 50
1 90
9 44
1 60
7 82
6 91
9 64
6 58
8 92
4 90
3 74
9 31
6 53
9 72
6 55
3 58
9 26
2 41
3 8
4 66
2 65
7 31
1 58
8 80
9 52
6 42
7 93
7 89
9 74
2 86
7 6
6 10
6 31
5 70
3 55
3 39
5 73
10 85
1 97
2 3
6 20
2 36
9 31
6 54
10 31
2 33
7 84
7 87
1 22
4 47
10 78
3 89
6 82
5 59
4 50
3 57
7 76
5 58
8 100
6 98
5 75
10 78
9 93
6 34
2 67
1 56
5 86
10 16
4 58
4 60
9 100
3 76
7 55
9 12
7 39
5 35
5 78
10 79
6 24
6 23
2 6
3 34
8 96
2 46
4 97
2 75
6 84
6 2
2 82
10 75
9 62
1 69
6 11
8 86
6 50
6 90
8 38
4 39
9 62
2 14
1 69
4 42
2 68
7 84
2 46
4 11
8 94
1 8
1 4
8 94
4 6
4 55
6 19
7 68
4 12
1 33
10 80
1 42
10 72
1 42
5 14
8 55
1 88
3 4
9 49
2 89
6 83
6 31
5 85
5 45
8 97
7 28
9 53
4 62
6 62
7 7
9 58
2 40
3 83
2 13
6 5
10 29
5 90
10 92
1 57
7 31
7 33
10 17
9 74
4 75
2 96
1 19
4 35
2 30
8 64
8 14
1 29
1 75
9 87
1 11
3 10
1 48
3 13
3 83
1 66
2 91
7 68
4 6
2 36
10 95
4 86
8 6
6 40
9 64
4 55
5 9
5 70
6 20
9 54
8 8
10 66
3 46
10 34
5 43
5 64
3 76
1 93
5 43
6 7
6 57
1 85
7 89
8 79
5 79
1 71
8 66
1 57
4 59
4 93
5 37
2 30
8 58
2 8
9 23
5 30
8 96
10 98
10 3
4 82
4 50
5 11
4 1
9 96
6 75
3 76
5 2
9 66
6 1
5 53
10 62
2 29
8 30
10 14
8 10
3 80
4 25
2 27
3 83
2 52
6 22
7 0
5 56
1 47
6 73
9 72
10 60
3 62
4 81
8 15
6 80
9 58
7 35
8 55
5 26
3 96
6 93
3 78
7 51
3 95
10 19
6 63
4 70
8 93
5 38
3 59
2 62
9 38
10 39
2 81
5 20
4 52
7 84
1 31
3 60
2 4
2 43
5 14
4 22
10 25
10 66
2 75
8 93
2 97
3 80
5 54
10 68
3 25
8 29
7 96
7 49
7 9
6 2
1 44
9 81
9 2
2 87
7 97
7 91
4 28
2 69
9 46
4 16
2 29
1 78
3 31
3 17
1 65
4 44
10 5
3 2
2 52
9 78
4 25
8 87
7 36
9 42
4 3
8 40
2 68
1 69
9 29
10 30
4 60
3 46
1 62
5 29
9 47
5 58
10 99
1 23
2 3
2 81
3 82
2 60
5 33
6 50
5 55
8 98
9 18
2 2
5 20
5 72
9 14
5 50
6 29
2 16
2 57
10 25
10 78
7 78
6 79
9 82
10 7
5 83
1 91
4 16
1 77
2 48
3 9
6 67
1 19
10 61
1 9
1 46
4 49
2 60
3 91
10 63
9 2
9 20
9 88
10 71
3 92
4 100
3 63
1 91
7 94
4 3
1 74
7 25
1 16
6 17
2 15
2 25
2 16
8 45
6 57
10 53
8 28
5 77
10 27
5 92
3 12
7 57
4 94
1 3
4 75
8 15
3 55
2 50
7 5
4 67
10 100
2 27
1 49
3 62
5 19
1 4
9 89
1 46
4 55
8 69
3 51
2 46
5 99
5 68
4 18
2 44
2 10
5 55
10 70
4 28
1 54
6 56
2 63
10 70
2 41
8 51
6 96
7 40
1 66
8 71
3 16
9 82
10 82
6 99
3 89
4 6
7 32
3 69
6 92
7 77
7 82
7 35
2 99
9 60
9 99
1 82
10 11
4 14
3 83
10 28
9 6
1 42
3 94
6 60
8 16
10 7
8 83
3 24
6 31
8 77
10 30
8 15
4 8
7 22
4 36
5 45
4 88
8 2
6 2
5 75
1 61
5 90
4 70
10 42
7 84
3 34
5 15
6 17
9 63
4 60
6 61
6 10
2 93
7 42
5 97
10 90
2 50
3 86
2 96
3 10
6 12
6 17
4 13
5 46
9 95
10 7
9 52
6 8
8 89
8 46
8 4
8 95
8 41
2 18
8 92
5 58
3 75
1 17
5 52
4 87
8 66
4 96
10 54
10 19
8 89
7 63
3 100
5 85
1 27
1 58
5 61
7 1
5 22
10 66
1 50
9 58
1 75
9 39
7 22
1 8
8 23
4 28
10 70
7 24
1 68
7 13
3 88
9 1
6 21
7 98
2 98
8 62
3 39
6 73
3 14
2 31
5 69
3 8
6 58
3 75
9 26
8 42
2 5
2 98
10 31
4 46
6 24
2 13
5 38
5 75
9 50
2 13
4 17
6 95
9 66
5 89
4 33
4 78
9 9
7 26
2 39
10 40
1 23
8 7
3 26
2 96
8 96
1 68
1 86
6 82
9 13
6 83
7 74
8 97
6 13
10 83
8 77
5 77
6 49
1 86
10 12
8 65
8 6
3 38
9 12
7 93
4 33
6 40
9 68
1 51
10 63
6 81
7 98
4 82
9 0
5 95
3 98
2 39
4 83
9 35
2 16
8 63
10 14
9 45
8 88
8 44
3 16
3 16
6 18
8 98
4 16
9 66
5 6
6 62
6 14
6 76
4 49
5 41
10 78
2 18
6 97
1 8
7 8
5 60
2 0
8 100
9 14
10 28
10 46
4 92
8 26
6 96
7 98
6 0
7 82
5 36
1 96
7 87
2 6
5 7
6 47
7 0
5 98
6 8
3 74
4 1
3 39
7 11
1 83
10 75
4 3
5 47
7 31
6 61
1 25
2 28
4 32
2 10
2 77
9 7
7 30
2 85
2 26
8 1
2 21
10 32
9 19
4 93
3 27
8 99
6 12
3 93
1 23
6 25
5 47
6 18
3 48
4 23
6 70
7 55
4 48
1 31
7 65
2 77
7 69
7 56
8 9
2 33
10 35
9 36
5 30
10 51
5 40
10 92
6 21
3 8
6 48
2 46
3 4
5 21
1 0
8 98
7 51
3 62
5 37
2 44
7 10
3 78
5 36
9 46
6 36
10 43
8 9
9 62
8 59
6 35
7 91
6 67
1 84
5 94
5 55
10 45
10 95
10 89
9 63
3 73
1 91
7 46
2 97
7 88
3 15
8 33
4 56
4 16
4 18
10 22
1 5
6 69
6 28
3 15
8 7
5 19
7 91
7 35
3 3
1 24
1 53
3 69
7 77
5 55
3 28
3 2
3 12
10 29
6 78
3 58
4 80
6 75
4 70
10 31
10 72
2 36
7 30
7 74
5 1
9 6
8 22
7 42
1 18
8 79
5 82
4 80
2 91
7 68
5 65
6 96
2 47
6 64
5 72
4 25
8 44
2 68
3 19
4 3
4 36
8 42
6 71
7 60
2 90
1 56
2 3
3 28
10 57
6 36
6 24
2 88
1 22
10 0
7 27
4 18
4 61
4 34
8 98
3 10
1 7
3 69
2 42
7 11
3 86
6 5
3 85
8 70
10 60
4 14
5 86
3 24
7 43
1 19
2 82
2 61
9 78
6 83
5 19
1 23
1 84
3 15
5 47
7 7
8 90
2 20
6 96
1 62
10 93
8 69
10 61
4 21
7 75
1 75
3 34
4 25
10 96
1 48
1 1
1 19
4 68
10 99
7 82
5 74
2 93
8 43
10 89
10 76
3 6
10 68
2 41
2 37
9 96
1 40
9 34
5 92
2 74
10 45
1 29
10 56
9 61
7 77
2 30
5 2
4 76
3 1
3 19
9 27
9 31
2 6
3 51
3 62
10 38
10 85
4 76
1 89
5 51
2 64
8 7
2 49
6 36
10 92
2 84
10 42
3 81
2 8
10 49
4 81
1 50
2 66
3 35
2 1
7 25
1 52
10 12
9 81
9 97
2 65
8 12
3 18
10 54
9 32
10 26
3 84
8 21
2 16
6 65
10 40
1 66
9 47
4 46
9 83
10 29
10 66
3 62
4 14
5 20
9 28
4 11
3 82
4 20
7 26
2 37
7 27
2 70
8 42
9 46
5 7
6 7
2 69
7 50
7 46
10 65
5 44
2 24
2 79
9 71
2 22
8 81
9 85
5 36
3 12
7 7
8 91
9 91
8 42
8 71
9 29
3 88
3 14
8 57
7 11
8 74
9 31
1 68
7 74
2 15
1 21
6 98
6 86
8 6
3 54
6 5
10 83
8 29
6 94
8 43
1 37
7 46
9 43
2 46
7 18
4 21
6 47
2 85
4 76
6 43
9 79
1 87
1 36
6 96
10 29
4 54
4 2
1 37
6 94
6 71
1 89
2 42
10 27
1 59
7 96
9 87
3 96
8 90
9 57
4 58
5 24
9 57
2 77
6 25
5 99
5 8
8 22
9 86
7 74
5 30
8 41
6 89
5 95
5 85
7 59
6 61
1 27
1 16
5 0
8 6
5 71
1 14
8 83
6 55
1 6
3 82
4 70
4 43
2 81
1 41
5 10
5 88
6 36
10 17
5 6
10 88
6 71
9 81
8 94
9 30
6 11
8 33
8 13
6 39
3 89
4 17
6 65
4 35
7 82
1 24
3 7
3 37
8 6
1 87
8 58
6 79
3 10
6 67
1 34
10 96
4 16
2 5
4 52
8 36
1 14
5 54
6 37
7 33
3 96
3 2
8 57
4 8
2 55
3 26
1 77
2 84
5 88
6 0
9 30
6 1
1 5
4 95
5 59
6 48
2 47
9 81
6 6
4 41
2 39
3 61
4 11
7 93
8 50
6 20
3 88
4 26
1 8
6 90
2 32
2 91
6 50
6 60
8 90
4 61
4 19
6 56
5 18
1 33
3 28
7 51
7 73
10 95
2 7
7 45
9 19
8 14
4 52
3 27
3 9
7 10
4 56
7 65
4 94
1 67
8 78
8 89
6 48
1 83
8 5
10 72
6 12
3 44
8 95
2 15
2 86
3 98
10 64
5 70
9 47
10 54
3 73
10 4
5 100
9 21
7 35
5 100
3 39
8 36
10 23
10 45
7 53
2 98
3 52
8 31
1 13
6 45
9 33
9 16
10 60
7 8
7 36
1 79
3 73
5 24
9 1
2 13
2 21
8 70
1 65
6 100
10 23
9 37
4 21
8 64
6 45
8 31
10 18
2 53
4 59
6 26
7 56
2 56
2 77
10 26
7 28
3 48
6 63
7 7
5 25
3 41
7 93
7 6
9 5
9 8
8 93
6 42
1 15
5 74
9 65
3 82
5 67
7 99
7 5
6 53
2 56
5 16
6 3
5 22
4 81
1 77
2 36
7 31
7 30
5 58
9 39
6 33
8 50
9 41
5 40
5 27
7 33
8 47
2 26
6 65
7 57
8 49
10 64
3 68
5 3
4 69
7 22
3 9
10 29
1 78
7 18
10 87
7 56
3 57
8 3
10 75
2 78
1 12
7 2
8 58
3 26
9 39
3 57
1 14
7 1
1 53
1 17
10 77
6 88
9 43
8 15
4 69
8 17
7 3
5 81
10 42
4 39
2 1
6 31
5 8
10 11
4 71
3 92
1 86
10 6
1 11
7 1
2 76
4 14
2 46
5 33
9 26
4 5
5 89
10 78
3 28
3 61
1 8
1 23
9 11
10 41
2 93
1 14
1 40
8 53
1 79
3 99
2 62
9 19
9 72
1 61
1 86
2 91
9 10
5 30
8 7
10 18
4 75
7 43
10 9
2 16
1 36
8 49
5 71
6 83
4 57
7 67
2 35
9 85
3 97
1 43
3 61
5 17
9 94
2 92
5 31
4 69
3 88
5 59
9 43
4 52
7 9
4 35
3 1
6 53
7 32
2 19
3 11
10 35
1 39
9 19
3 96
1 38
2 80
7 48
9 18
3 38
7 56
7 61
5 96
1 37
7 97
8 72
1 100
5 51
1 81
10 78
5 65
7 88
5 60
8 56
2 57
9 19
3 80
5 32
3 53
4 40
6 92
6 35
4 36
2 3
8 59
4 87
6 52
10 3
7 62
3 41
4 81
3 24
7 13
2 60
2 8
2 7
5 45
6 74
4 48
5 44
3 42
7 45
6 77
3 63
4 1
1 52
3 46
10 39
5 76
3 85
3 90
2 45
4 72
7 97
6 67
7 70
7 22
4 73
4 88
1 11
2 98
10 73
4 9
6 80
10 83
1 91
3 4
1 15
3 7
8 59
2 93
7 84
6 61
10 63
1 31
5 63
7 61
10 49
5 49
2 69
10 54
1 76
10 30
1 4
4 33
8 52
2 43
2 46
2 63
3 29
2 21
1 19
7 49
7 39
1 77
7 42
7 51
3 24
6 77
2 15
6 33
2 89
10 46
1 46
2 98
7 32
4 90
6 29
4 34
8 97
7 65
2 75
3 3
6 56
8 9
2 21
5 88
7 38
4 39
4 30
3 69
2 90
3 92
2 27
4 95
3 5
4 50
3 92
7 1
9 4
8 78
8 21
6 36
10 5
1 57
1 7
8 60
9 77
9 6
7 90
10 36
7 81
10 0
2 90
4 4
4 78
3 41
2 23
7 18
3 46
10 46
6 96
5 35
3 0
8 28
2 39
4 86
10 96
6 91
4 99
2 87
9 21
10 7
1 19
4 40
7 36
10 8
9 63
10 91
1 21
9 15
6 63
1 93
1 23
10 68
7 6
10 62
10 78
5 73
10 11
8 58
1 36
5 42
1 66
4 71
5 55
10 22
4 33
5 60
10 29
10 23
2 79
7 61
8 58
9 62
10 26
5 26
5 52
6 45
5 63
6 45
6 54
3 2
6 80
7 58
6 57
3 17
6 64
4 44
4 21
8 88
9 62
1 89
6 40
3 61
8 81
6 57
7 77
1 63
2 13
4 34
6 98
1 84
4 82
10 21
2 47
6 54
6 50
2 33
2 13
7 90
6 58
3 20
5 61
8 95
3 21
8 3
9 76
3 48
8 73
5 68
4 59
10 44
2 36
2 81
6 50
6 5
7 30
2 70
8 31
1 41
5 74
4 59
8 26
4 31
10 4
10 72
1 25
8 8
1 44
7 26
3 32
6 58
3 87
7 14
3 99
9 35
3 30
3 61
2 85
6 8
8 21
7 14
4 79
2 97
3 12
5 45
4 40
2 83
3 40
7 37
9 93
9 37
2 65
4 67
10 28
1 17
1 86
5 10
8 47
2 82
9 27
4 19
3 47
4 55
4 63
7 38
1 90
10 67
8 36
10 98
2 80
10 18
4 13
9 58
10 2
6 68
8 0
4 56
8 29
7 90
6 41
4 16
10 27
3 98
3 3
9 43
5 95
3 84
5 75
10 11
3 83
10 1
7 78
3 76
1 53
5 75
2 86
3 4
6 75
5 18
2 33
8 2
2 98
1 91
7 17
9 48
7 56
10 31
1 58
1 54
3 72
3 85
8 56
8 45
7 29
5 48
9 69
10 67
7 62
3 55
8 38
9 93
4 33
6 83
10 20
6 3
3 22
10 87
2 74
7 59
7 11
10 9
6 14
9 31
9 82
7 27
1 39
4 70
9 33
10 68
3 82
5 36
5 9
6 60
5 70
2 57
3 83
9 12
8 69
6 85
7 52
6 23
2 57
2 44
5 32
2 70
1 56
7 31
8 64
1 30
8 77
7 24
6 74
8 96
2 53
2 34
7 39
5 86
8 65
3 43
7 50
8 100
3 92
9 28
1 18
5 84
4 86
10 3
10 53
10 36
5 93
1 28
5 47
6 22
4 32
4 33
5 52
10 88
6 72
1 20
4 70
7 73
5 59
2 41
6 24
2 9
9 47
4 64
4 92
3 89
4 72
8 13
6 46
7 66
4 1
10 0
10 19
8 97
5 18
4 33
8 22
9 46
2 19
4 95
5 58
5 43
5 75
3 3
2 3
3 93
4 94
7 98
4 74
2 42
8 18
3 92
5 1
2 93
8 84
8 17
7 35
10 7
4 19
7 19
9 25
8 20
1 99
8 87
3 14
9 83
10 75
10 54
10 69
4 31
3 65
4 2
9 51
5 1
4 35
3 36
5 90
2 81
9 51
5 28
6 50
8 57
9 52
4 25
6 37
10 87
8 74
9 49
10 75
10 23
3 9
8 43
6 69
6 54
9 4
10 53
10 26
9 12
6 61
4 17
2 58
1 35
10 78
8 1
3 64
8 71
7 0
1 25
5 61
3 49
5 62
4 9
10 76
2 15
9 92
4 39
4 85
2 12
10 25
2 60
1 23
3 28
7 6
3 27
5 14
5 37
9 74
5 19
8 19
2 14
5 97
8 11
2 17
9 42
5 99
7 60
9 93
6 19
3 50
2 45
1 59
4 9
2 79
10 91
6 66
2 61
6 59
10 24
10 5
8 33
1 11
1 38
10 64
10 25
6 64
3 97
2 44
1 63
9 22
8 98
2 66
5 78
10 24
4 7
4 73
9 22
3 62
4 83
2 6
4 71
1 7
6 22
8 83
10 45
4 6
1 93
9 36
8 55
10 65
1 18
1 88
7 71
10 99
7 65
2 67
2 92
9 83
8 49
9 50
1 3
9 36
9 83
6 7
9 27
2 36
1 75
4 18
7 15
4 12
6 80
6 58
8 9
10 4
1 20
2 66
4 36
8 75
10 82
1 25
3 61
10 87
3 72
2 79
4 45
5 36
8 25
2 92
4 100
7 27
4 72
3 75
6 71
3 48
7 63
10 27
10 5
6 26
4 23
7 52
6 77
3 5
3 63
3 86
6 31
7 49
10 89
9 77
1 76
8 20
9 24
9 80
3 68
2 95
7 7
1 0
7 11
8 86
2 4
5 1
9 70
9 58
8 39
9 95
7 90
5 17
8 24
4 62
5 13
4 13
9 92
3 84
6 55
8 44
4 0
6 77
1 55
6 100
9 27
1 75
5 60
8 17
2 47
7 8
9 69
8 31
1 14
7 58
3 8
5 85
10 11
2 18
4 65
10 16
9 11
10 85
2 87
1 77
6 33
9 7
10 1
9 34
8 45
9 20
7 62
10 32
1 0
9 87
9 82
4 30
7 52
4 73
4 95
4 36
3 47
6 4
9 23
8 67
4 95
10 29
6 80
3 28
3 78
4 93
9 19
2 19
9 88
8 99
1 85
4 91
6 18
5 0
6 66
7 13
9 71
6 71
4 28
9 33
1 57
9 95
4 59
2 15
4 57
10 58
5 100
5 2
7 67
7 23
3 62
9 78
8 59
8 83
4 70
4 79
8 16
8 95
4 44
10 60
6 50
4 8
8 36
9 22
3 49
2 75
9 32
5 78
1 49
5 95
7 83
10 26
1 10
6 59
6 25
3 11
4 84
8 92
6 94
10 92
7 39
7 43
8 38
6 62
5 72
5 27
5 41
1 52
4 44
8 3
2 96
6 80
2 86
5 52
2 96
9 5
5 30
9 12
5 56
6 18
9 37
6 33
5 27
1 99
2 13
4 96
4 12
5 58
4 58
5 81
7 54
2 48
2 84
9 66
9 65
1 9
5 53
8 11
8 7
2 97
5 52
3 10
10 95
10 30
2 63
9 84
10 51
5 94
3 20
2 10
1 49
2 79
10 80
6 54
1 3
8 33
5 83
1 75
5 5
10 50
8 86
4 35
4 47
9 36
9 12
1 8
7 45
6 61
5 82
6 1
10 61
6 61
5 99
6 71
2 72
5 14
10 34
10 98
7 69
8 49
1 53
10 11
3 100
1 88
9 58
1 87
9 44
3 83
5 26
6 47
3 67
10 88
6 8
1 86
5 73
2 92
1 38
1 47
7 29
3 54
4 16
5 0
7 75
7 50
5 61
7 34
10 47
3 80
7 63
10 44
6 10
9 53
1 93
5 32
8 84
6 86
7 8
5 10
8 65
6 33
10 38
3 6
3 1
1 38
4 93
6 85
1 32
5 34
7 86
7 7
3 89
7 8
2 15
5 42
9 65
1 41
10 8
2 6
7 44
6 13
4 36
2 9
3 63
9 52
9 66
3 80
1 68
5 88
6 54
8 85
9 51
5 95
7 84
4 53
8 1
8 57
7 1
7 40
1 40
2 87
2 20
1 89
6 15
7 78
8 61
9 23
10 26
6 64
8 81
9 60
7 12
1 4
9 92
4 31
8 87
3 90
6 98
4 70
10 28
2 58
5 31
1 49
10 77
6 61
8 92
6 68
9 18
7 66
1 97
3 20
8 22
10 27
8 57
10 2
9 68
8 69
4 3
10 6
10 95
2 95
5 65
5 16
4 92
2 94
10 71
8 90
5 0
10 66
7 40
8 83
7 85
9 39
1 34
6 53
4 71
7 62
10 70
4 81
4 22
6 87
3 71
8 49
9 61
6 78
10 20
7 29
8 6
5 27
3 35
1 80
7 49
5 68
7 29
7 3
1 75
8 50
1 67
7 57
2 37
7 8
9 52
7 100
1 9
8 2
5 64
8 22
1 63
3 70
2 88
6 58
9 21
7 41
8 96
10 35
10 17
6 91
2 74
8 0
6 7
9 52
8 72
10 89
2 21
1 62
3 79
10 31
2 67
6 29
8 13
2 61
4 18
7 13
6 3
1 55
2 99
10 63
7 58
2 63
1 64
8 27
6 51
10 21
1 49
1 56
6 37
5 2
7 0
6 4
5 69
5 14
3 33
6 18
6 68
3 49
7 26
5 60
9 97
2 50
1 54
3 19
6 27
2 32
4 46
7 67
1 79
9 22
1 42
9 60
2 58
9 33
6 82
9 39
4 42
1 56
5 61
4 47
2 17
3 84
10 26
5 82
7 43
7 26
1 21
4 75
4 18
10 26
9 95
8 72
6 36
2 64
4 39
2 58
2 82
7 12
4 30
4 47
5 12
5 90
9 45
2 48
2 33
9 7
7 84
6 5
9 24
7 98
3 98
3 13
2 0
9 79
7 71
3 11
7 59
2 55
