10000
10 73
7 10
3 63
7 72
4 58
4 25
10 100
1 27
8 82
9 36
10 99
6 10
1 22
5 6
3 16
7 31
3 51
8 64
5 96
3 67
2 85
2 61
9 77
5 75
9 77
7 16
6 14
7 20
8 71
2 58
8 13
8 100
2 79
4 30
2 38
8 6
2 94
8 92
9 72
3 0
4 12
8 47
1 74
6 65
3 54
6 78
7 60
10 65
5 59
3 5
2 100
5 27
10 3
9 33
8 17
7 85
7 76
1 33
4 6
1 63
4 55
1 68
5 28
6 28
4 73
9 43
3 82
7 100
3 70
4 69
6 35
4 19
9 44
2 100
9 94
2 95
5 73
8 11
9 60
7 67
2 8
8 89
10 100
6 36
4 85
2 92
4 16
4 59
7 46
7 46
4 67
7 52
3 26
7 49
1 51
6 45
4 40
8 71
8 95
5 71
7 5
4 94
1 97
6 71
6 64
8 11
7 84
9 98
10 18
10 34
3 75
4 100
4 20
2 83
5 62
4 100
4 13
7 55
2 83
1 28
9 82
10 97
3 58
8 41
7 88
9 60
6 21
3 79
4 12
4 69
1 34
4 31
1 23
1 4
9 85
3 20
2 77
7 82
10 90
6 48
5 36
1 69
5 79
3 71
1 15
4 16
1 29
4 36
8 21
3 47
10 10
2 22
1 99
1 14
3 64
10 46
6 93
8 31
6 30
10 69
8 13
1 74
2 48
9 63
8 55
5 2
2 17
3 88
10 35
2 53
2 86
3 35
8 25
3 70
6 80
9 47
6 82
7 63
6 54
6 12
4 70
2 58
9 7
4 18
5 5
5 60
10 28
2 42
4 69
8 55
3 17
7 1
2 41
5 74
3 18
3 92
4 67
10 90
9 79
8 97
3 40
9 29
6 37
7 58
4 75
9 28
7 55
3 61
5 67
10 15
9 56
6 21
1 89
10 8
4 74
2 4
2 48
6 59
6 94
1 30
6 72
2 98
7 55
4 3
1 75
5 5
7 96
3 78
8 13
10 79
9 2
8 66
7 79
9 83
5 85
5 66
4 99
1 47
5 88
5 69
6 68
4 94
3 23
7 37
3 20
6 85
8 92
2 79
10 66
7 67
2 40
3 61
4 46
9 58
7 83
4 55
4 26
6 31
3 79
4 39
10 33
1 49
2 40
3 37
8 50
6 55
9 21
3 81
7 66
10 70
6 10
2 90
3 74
10 50
8 47
3 13
8 57
7 32
8 64
5 63
9 12
2 2
2 25
7 48
5 88
8 65
4 67
7 72
1 82
1 24
2 86
2 25
8 34
10 8
5 51
3 21
5 64
1 57
10 19
7 39
4 54
10 9
7 95
4 62
3 30
3 41
4 97
9 88
9 37
10 1
3 41
4 20
7 96
10 16
3 92
3 94
1 66
7 28
4 36
4 96
10 27
4 38
5 12
2 22
4 86
2 44
6 94
9 1
5 92
10 11
1 37
9 72
4 76
4 99
6 23
2 38
7 66
4 67
6 0
4 79
9 66
5 30
7 87
5 27
10 86
6 92
4 61
9 35
5 94
4 38
8 33
8 1
7 1
6 46
3 7
10 97
8 51
10 13
10 58
6 13
7 96
3 56
5 79
4 1
6 23
8 0
6 83
2 42
7 69
9 93
10 96
6 59
1 36
3 14
9 69
1 37
4 74
7 51
8 13
3 49
7 99
1 97
6 94
1 40
1 50
8 14
5 13
6 35
2 37
1 71
10 12
5 28
9 74
9 8
10 81
5 86
9 80
3 3
4 48
10 81
8 90
1 64
6 36
5 88
5 50
1 72
9 73
4 37
9 27
7 99
3 98
5 65
3 14
6 11
2 60
10 9
9 38
2 53
5 26
4 52
3 13
7 38
6 90
5 27
6 86
1 21
6 89
1 38
5 81
4 22
10 33
1 47
1 15
7 16
3 48
2 91
3 50
5 35
4 36
8 83
4 41
8 26
4 18
3 33
6 38
9 50
7 80
1 19
9 78
9 37
1 0
4 60
8 50
6 3
1 6
1 91
10 14
5 78
1 34
1 11
10 47
6 95
2 58
3 79
2 54
2 51
5 43
8 81
10 83
5 75
1 90
10 48
8 13
5 46
8 45
9 55
5 100
9 50
8 61
3 18
2 16
7 21
4 9
5 95
1 89
6 67
2 9
9 66
2 67
6 78
8 67
5 53
9 71
8 54
6 59
4 45
4 94
4 14
1 71
9 68
5 63
2 99
1 43
8 1
2 82
1 76
4 21
1 25
3 41
5 60
5 40
8 65
4 57
3 38
2 47
1 77
7 67
3 23
10 58
5 6
1 60
1 62
7 30
2 27
2 30
3 93
3 23
5 44
5 98
3 81
8 77
1 59
6 55
9 74
8 100
5 29
7 22
9 11
4 61
6 94
8 54
4 73
6 62
6 61
7 84
8 85
7 90
3 79
10 20
7 34
8 26
1 31
3 7
9 97
10 72
8 3
2 47
2 47
9 80
2 8
9 78
5 5
4 28
10 3
6 99
3 72
3 54
1 94
10 71
5 12
9 73
6 92
7 86
9 18
8 2
6 26
1 95
9 95
4 100
5 11
10 67
1 98
1 33
9 72
8 100
7 3
9 100
2 62
9 89
2 42
4 80
8 74
1 90
7 88
2 76
2 57
9 73
3 71
5 95
2 64
10 51
3 26
3 16
3 32
9 47
4 97
8 89
10 53
9 86
9 27
9 55
6 86
9 66
3 93
4 84
10 26
8 100
9 90
1 62
3 59
9 93
10 82
6 66
10 95
8 70
8 42
7 92
4 63
3 92
3 77
1 20
10 7
9 12
9 79
8 13
1 93
3 21
10 100
4 77
5 88
5 30
5 100
4 63
1 57
6 42
4 11
10 90
7 28
2 88
2 39
5 63
10 59
6 53
1 82
5 94
9 63
4 80
2 67
2 28
1 59
4 88
6 94
10 38
2 87
3 24
9 3
4 27
10 95
6 34
4 91
5 66
2 44
10 45
4 59
2 64
5 31
7 56
6 61
9 81
7 24
2 41
9 82
1 87
1 13
1 97
5 19
9 100
9 92
6 36
2 10
7 8
1 21
4 34
10 49
1 39
8 56
4 77
3 45
6 45
8 79
3 25
9 72
1 76
7 14
7 33
3 56
2 99
10 96
9 72
7 20
4 79
4 4
10 57
8 10
3 13
2 18
3 43
2 52
5 37
8 50
5 1
10 75
10 63
2 87
2 68
10 32
9 92
8 17
2 47
3 10
10 84
6 56
10 94
6 95
2 33
9 48
3 8
10 79
4 44
3 78
4 18
5 89
8 70
4 3
1 43
4 21
8 77
7 93
3 15
9 19
9 49
7 34
7 70
1 4
7 9
7 73
8 18
5 41
9 37
9 68
2 88
10 42
5 4
10 92
2 83
8 30
9 96
6 59
3 25
7 69
2 19
2 27
2 45
10 5
4 0
6 7
3 100
9 1
2 91
6 85
8 36
8 62
10 83
7 9
4 0
1 99
7 7
9 59
6 86
9 82
3 40
7 1
6 67
8 12
9 30
2 15
10 91
4 44
3 2
4 32
8 90
4 75
3 23
1 14
4 59
10 96
2 23
8 12
5 8
3 24
6 69
1 12
10 27
9 53
6 62
3 50
6 50
6 65
1 39
10 45
6 33
2 19
5 41
2 36
1 22
4 6
5 19
6 20
10 99
10 63
2 81
9 94
7 71
5 77
9 73
4 14
1 31
2 75
2 89
1 51
5 74
6 19
5 79
7 10
4 87
2 15
3 91
4 37
7 41
8 54
6 53
9 14
1 62
4 34
6 91
3 82
6 33
10 100
5 1
9 13
4 30
3 44
1 33
5 53
5 27
7 19
6 86
7 32
3 55
2 79
7 65
3 72
5 42
5 80
3 32
1 72
5 63
2 85
9 9
5 64
1 35
2 56
4 9
6 45
8 35
8 67
7 28
2 7
3 90
5 24
2 10
6 81
8 14
6 31
4 45
8 18
7 20
3 54
6 16
10 44
6 70
6 45
2 70
9 44
1 38
4 99
4 74
4 13
3 97
6 95
5 5
8 53
9 24
3 55
10 89
7 36
9 1
1 19
7 93
7 0
4 8
1 23
3 63
2 28
3 61
2 70
6 85
6 75
5 80
2 47
4 31
3 15
5 34
2 64
10 99
7 46
9 3
1 37
1 2
2 76
7 27
5 59
2 21
7 100
10 11
9 52
5 100
8 27
3 1
2 96
2 88
2 30
10 45
7 100
6 53
1 34
10 17
3 99
6 36
2 98
7 60
10 46
9 71
2 97
10 52
7 90
7 44
9 19
8 62
5 8
6 91
4 79
6 77
4 0
9 56
2 100
10 7
4 75
10 65
6 56
1 10
7 93
8 38
5 80
9 100
4 22
4 7
10 0
4 71
1 6
10 71
9 19
2 23
9 7
5 25
1 87
7 88
1 8
5 41
8 89
1 0
8 88
7 78
6 19
4 8
3 39
4 46
6 5
3 45
3 59
7 91
8 1
1 19
3 9
3 99
3 33
10 15
6 88
2 64
7 5
2 68
10 99
8 63
1 16
10 75
8 88
1 41
8 85
10 71
6 7
7 38
6 72
2 49
5 38
5 95
4 19
8 9
3 17
3 77
10 95
2 86
9 79
5 92
3 73
10 8
1 75
10 34
2 99
5 90
1 53
5 76
1 33
7 5
2 41
9 48
6 51
9 33
10 79
8 42
6 60
6 65
1 71
4 59
5 52
9 11
8 36
5 65
6 74
3 84
5 33
3 89
8 39
4 40
9 6
1 12
1 78
6 23
10 27
5 66
8 82
1 21
5 58
9 82
3 26
8 85
1 96
5 95
2 31
9 12
7 31
6 44
2 58
7 84
10 48
5 12
2 91
10 72
9 23
5 19
6 70
9 70
5 6
1 58
5 88
10 95
10 1
1 11
7 27
3 40
1 23
4 74
2 45
8 91
4 80
4 20
7 15
3 39
1 90
7 28
6 17
10 39
10 7
9 95
4 8
5 7
3 29
4 86
8 13
3 23
7 6
1 49
1 26
9 55
3 18
9 42
1 54
9 45
8 19
7 10
8 32
5 78
9 95
9 78
2 15
10 97
1 72
10 0
3 65
4 97
9 4
9 83
7 65
3 27
6 38
4 27
9 37
8 95
7 71
5 80
6 59
1 72
2 23
8 4
2 24
2 68
10 80
5 100
10 73
1 5
8 18
9 12
9 86
9 36
6 81
2 50
5 29
10 95
5 15
9 1
2 86
8 54
10 54
7 25
2 53
3 59
7 21
6 79
5 70
2 15
9 27
9 84
9 53
3 17
8 72
1 22
1 37
1 69
5 42
4 61
2 60
9 76
1 76
7 32
1 97
4 37
7 87
3 86
10 96
3 94
10 37
6 32
6 97
9 21
4 75
4 14
9 66
9 23
8 53
10 4
10 86
5 73
4 15
10 42
7 29
10 29
7 96
2 74
10 80
5 70
10 89
5 81
3 11
3 63
2 9
1 55
3 32
9 40
2 74
9 82
9 59
10 17
7 89
2 18
9 91
1 18
6 86
1 55
5 54
4 70
9 96
8 91
1 63
5 34
10 50
9 56
10 78
1 59
9 61
2 35
9 82
5 88
4 8
3 55
4 51
8 38
2 89
5 54
8 74
4 9
10 40
6 50
9 80
2 5
8 43
1 8
7 61
2 74
4 90
6 79
5 83
9 5
7 77
7 81
3 86
5 93
6 3
10 24
7 74
10 3
6 88
9 87
1 96
7 7
10 62
8 74
4 61
2 82
9 16
9 21
7 41
7 36
5 31
10 8
8 77
1 42
2 19
3 97
2 38
1 82
5 92
9 88
3 0
2 74
5 74
5 57
4 70
10 9
6 52
3 77
9 90
1 79
1 84
2 61
5 19
10 19
10 64
7 12
7 14
3 11
8 51
2 87
4 57
3 13
4 36
8 91
8 64
8 100
6 55
8 34
8 45
7 98
1 89
1 99
4 59
9 82
5 78
8 95
2 26
4 6
8 100
9 72
10 99
2 8
5 49
1 63
6 92
1 23
6 88
9 90
10 21
10 3
1 73
7 79
9 94
5 11
8 80
10 56
3 90
7 27
6 84
3 80
5 43
4 18
2 87
7 67
7 32
9 50
8 74
10 0
5 89
10 77
8 91
9 14
8 32
5 43
1 45
8 58
3 8
8 91
3 72
4 39
9 100
9 25
5 70
2 22
9 57
6 83
2 6
7 80
6 33
2 81
2 93
10 10
3 89
9 0
4 5
3 42
8 33
4 23
6 64
1 76
10 25
5 43
5 84
3 18
10 34
10 78
3 59
7 87
10 86
10 92
10 89
6 14
5 85
5 4
10 91
6 7
8 29
5 16
8 5
10 73
4 0
2 36
9 100
10 16
2 61
8 77
7 24
2 43
6 88
8 80
8 12
7 39
7 39
2 46
1 84
2 88
7 50
10 51
8 2
10 26
10 75
3 7
1 13
4 9
9 84
3 67
2 43
4 32
2 94
10 38
9 53
7 23
4 56
10 84
1 97
9 47
2 62
6 0
3 80
8 14
4 63
5 49
4 92
5 22
3 29
6 52
6 50
5 68
6 69
7 59
3 49
4 94
3 82
1 86
7 86
7 60
1 89
7 93
10 9
5 72
3 35
10 84
9 18
10 81
6 11
4 1
7 86
9 44
10 2
4 14
3 31
9 97
1 74
2 31
2 33
9 50
6 0
10 14
4 67
5 38
10 67
6 28
3 16
6 20
10 91
6 25
4 29
7 1
8 89
1 19
5 0
2 96
2 10
2 67
9 43
7 0
7 89
3 83
7 34
5 17
9 98
5 48
1 11
1 11
3 13
7 34
6 94
5 57
4 82
10 19
1 68
6 63
9 18
7 61
7 80
3 98
2 98
8 55
8 83
8 56
7 6
6 12
1 59
9 19
10 36
10 77
2 88
10 100
3 11
4 25
4 27
7 40
10 13
3 34
6 25
6 84
10 36
3 99
1 27
9 13
8 32
2 79
5 52
5 62
8 33
4 87
2 93
1 37
7 29
3 74
4 93
1 96
3 3
10 48
3 12
3 14
6 61
3 85
5 82
8 93
2 69
9 65
5 39
1 81
1 90
1 91
3 7
10 90
4 11
9 36
7 82
9 7
7 5
5 46
5 96
9 19
6 32
2 79
2 85
6 58
2 39
4 13
5 11
10 98
8 99
6 66
9 59
8 74
10 84
2 64
9 17
7 79
5 67
3 100
8 31
1 65
10 100
7 17
8 76
3 72
10 64
3 31
1 36
7 83
6 21
7 41
1 82
5 6
1 39
4 14
7 44
4 9
10 87
5 58
2 29
4 85
1 47
8 8
7 7
5 26
7 59
4 44
9 12
9 2
7 18
3 88
2 85
2 56
3 8
2 11
8 70
9 19
8 84
7 10
3 88
10 66
6 55
6 44
5 42
9 2
4 97
8 46
7 10
8 30
6 85
1 44
8 97
5 54
7 62
1 5
8 73
6 87
4 25
4 3
10 40
4 74
4 53
10 78
7 76
5 46
4 22
9 53
7 97
9 97
8 42
7 46
6 16
6 99
1 92
1 50
10 53
4 51
3 38
6 13
4 65
7 23
10 25
9 17
6 50
3 20
2 40
6 21
2 47
4 67
3 73
1 68
10 81
9 31
8 78
7 66
4 4
7 78
5 73
4 76
9 19
1 41
10 56
5 94
7 65
6 21
9 8
5 15
9 43
5 17
8 21
2 80
10 2
2 99
10 80
9 37
2 49
6 81
1 71
3 37
1 1
10 44
1 0
8 46
8 5
6 68
9 29
2 37
1 88
1 97
6 16
4 71
10 15
10 2
9 36
7 27
10 27
6 19
6 18
3 79
10 99
3 92
2 30
3 23
2 81
7 54
2 53
5 99
3 72
7 19
6 90
3 85
2 95
8 10
9 44
10 74
1 64
8 80
4 98
9 42
7 60
4 79
10 28
1 90
6 12
10 82
6 66
6 32
6 83
7 46
9 23
2 100
10 31
9 12
9 83
4 77
7 91
5 64
4 84
5 99
4 85
6 60
6 97
1 72
3 82
9 87
5 91
3 77
7 18
3 11
2 0
3 64
8 52
4 83
5 40
3 59
9 99
4 28
4 37
6 29
8 79
5 8
10 64
4 81
5 16
5 3
3 52
8 86
1 1
6 59
6 15
8 71
6 61
9 85
8 26
7 82
1 76
8 55
1 39
3 76
4 86
10 10
4 57
4 41
8 16
10 50
3 85
5 45
3 99
8 1
5 12
1 40
2 10
3 10
6 9
2 21
5 78
4 65
10 23
7 94
7 36
10 13
1 49
8 46
6 72
9 60
5 35
1 57
7 39
2 32
3 34
8 97
8 88
2 89
3 55
8 2
9 95
2 77
7 6
7 58
5 96
3 94
3 91
10 0
3 91
6 70
6 68
1 8
1 87
1 48
7 5
1 64
9 7
8 44
3 24
1 12
9 67
5 37
1 72
5 66
7 76
6 66
8 62
8 45
1 20
8 77
4 11
9 34
6 81
2 69
8 81
9 0
10 61
6 26
7 68
8 86
6 59
8 1
2 5
7 19
2 69
1 77
5 69
3 14
7 32
1 30
10 40
3 65
4 69
1 6
6 59
9 89
1 10
6 86
3 60
8 90
6 28
5 44
7 8
7 88
5 54
4 71
2 67
2 25
3 51
7 41
8 75
8 27
2 16
1 17
10 76
1 75
3 45
2 74
1 41
2 62
6 17
9 95
5 96
4 46
7 71
1 7
9 73
2 96
5 53
6 81
8 88
5 76
9 7
8 40
7 71
8 91
8 70
7 17
1 61
5 91
10 35
7 7
10 19
9 59
8 38
3 55
6 24
10 11
9 40
3 56
5 90
6 94
10 96
8 25
9 57
8 13
8 58
8 72
9 69
2 97
9 57
9 100
9 21
3 62
4 67
5 42
10 73
1 40
1 66
10 79
8 50
5 70
6 60
2 89
4 33
8 74
4 59
5 47
6 64
9 73
2 38
1 59
6 4
9 8
4 44
9 41
1 52
9 73
1 17
1 7
7 91
1 95
5 72
8 100
9 27
5 36
5 19
2 66
6 7
10 71
9 69
7 22
3 3
6 11
3 94
7 0
6 20
4 41
9 29
6 69
6 61
5 54
7 66
2 63
2 77
3 63
2 100
5 77
3 17
1 14
1 81
8 51
4 81
2 92
3 35
7 68
7 59
7 9
4 5
8 84
5 25
8 63
1 63
3 56
9 42
3 52
9 20
8 54
10 24
1 8
10 73
10 38
2 24
3 89
4 58
10 94
2 11
9 31
1 1
7 27
4 27
10 100
8 4
2 60
7 68
4 0
4 33
6 81
2 65
5 26
10 86
5 33
1 23
1 77
2 78
7 39
5 40
1 55
3 81
8 57
5 93
7 53
5 90
7 8
1 12
4 94
7 69
1 17
3 68
1 8
3 23
3 12
4 21
6 74
1 59
1 37
3 73
1 15
6 43
8 21
7 58
4 91
7 49
10 41
2 34
8 25
2 87
3 57
3 91
1 58
8 80
3 83
8 45
2 50
2 10
10 84
9 32
3 54
5 60
3 35
10 51
2 55
1 86
7 5
8 52
4 22
10 58
7 27
10 26
5 49
1 58
4 13
8 0
8 11
10 17
1 41
2 12
8 44
9 25
6 30
10 33
1 46
3 61
9 91
9 15
10 3
4 56
5 63
10 64
9 75
8 24
3 29
3 81
1 50
3 8
2 69
8 87
3 26
4 47
9 77
1 38
9 39
10 83
6 33
7 93
10 32
8 73
3 62
5 60
2 17
1 44
4 87
1 97
3 70
2 17
4 16
8 22
9 34
10 28
7 31
7 76
3 61
1 81
7 79
7 38
10 55
5 62
9 78
4 16
1 89
2 75
2 17
6 20
8 36
7 15
9 66
4 46
8 88
2 91
7 77
10 39
9 37
3 22
10 45
5 16
6 94
4 32
5 62
10 82
3 69
2 97
6 36
6 49
9 64
4 95
1 12
1 37
6 79
10 64
9 37
4 93
4 10
3 13
2 21
1 46
2 12
5 17
2 81
1 12
8 62
2 16
2 78
6 100
1 57
9 45
9 55
9 70
4 66
8 44
9 55
10 10
9 38
2 40
3 51
4 85
7 4
5 18
5 56
1 19
9 56
3 79
5 88
4 80
1 41
6 48
7 53
3 70
5 68
9 56
6 45
3 14
6 39
1 68
10 56
8 59
6 94
8 91
2 41
7 87
10 88
7 27
4 63
8 49
9 12
8 30
7 8
9 93
10 7
10 74
5 45
6 59
9 40
9 64
7 47
4 28
4 41
2 94
3 7
8 78
10 62
3 72
6 13
8 60
7 59
1 90
2 92
10 25
8 34
8 72
7 79
5 32
5 87
4 88
5 33
6 77
9 48
5 14
3 87
9 10
2 57
5 28
1 62
6 84
4 100
6 59
9 15
9 58
6 94
4 73
4 13
3 45
4 27
10 95
1 73
3 55
6 60
8 86
4 44
3 69
2 43
1 72
3 74
9 39
2 98
3 10
8 58
4 15
2 22
6 90
5 73
5 3
9 71
2 68
7 90
10 99
10 94
7 87
3 65
2 61
3 47
7 39
5 8
8 12
7 34
5 35
6 87
3 91
9 22
3 37
4 70
5 65
3 18
5 44
4 88
10 49
8 1
3 98
2 29
10 20
6 9
5 64
2 47
8 28
3 40
6 21
4 33
10 58
1 82
3 9
4 53
6 45
3 69
2 41
6 35
5 14
5 59
3 61
2 77
1 80
7 56
3 12
10 84
1 26
3 33
2 23
3 36
3 20
3 91
1 2
7 95
1 74
3 4
4 65
4 72
1 45
7 50
8 71
1 97
6 99
1 96
5 93
6 11
4 100
4 74
8 55
2 92
10 36
2 86
4 89
2 68
1 91
1 13
5 27
6 39
2 95
3 96
1 95
9 100
1 50
4 93
1 44
6 59
9 22
5 58
1 75
9 58
7 4
2 99
6 59
10 16
4 10
1 9
4 21
8 40
2 24
1 43
5 49
3 23
5 72
10 9
1 67
5 89
4 97
7 85
6 96
3 100
1 28
10 11
9 42
6 81
3 74
4 5
9 86
7 61
9 43
4 30
3 12
9 78
7 56
4 88
2 38
10 14
10 29
5 30
5 18
7 30
4 0
7 50
4 58
4 3
7 81
10 54
3 68
6 26
1 7
7 94
1 27
10 23
9 19
3 20
6 82
5 52
3 90
8 41
5 100
7 57
2 52
9 64
6 96
10 9
3 19
6 64
8 95
10 48
2 23
4 78
3 92
5 92
5 49
5 49
6 66
1 27
3 27
7 75
8 84
6 50
5 61
5 35
2 98
2 84
4 18
8 54
8 44
8 67
9 90
2 70
4 68
3 2
8 89
5 16
7 14
5 47
3 65
5 2
5 86
8 17
2 46
8 53
5 7
2 82
2 94
10 53
9 51
8 36
8 56
3 61
5 22
1 44
4 81
3 47
4 55
8 10
6 15
4 8
2 77
10 99
6 29
4 44
3 25
1 48
1 16
10 63
3 33
3 25
10 33
3 68
8 45
1 61
6 79
4 89
6 37
5 18
5 41
7 18
8 58
1 39
5 87
3 4
7 0
6 41
8 56
6 0
5 53
6 74
10 50
7 15
5 5
10 90
10 84
6 77
4 23
2 25
9 83
2 28
1 20
3 30
4 24
3 47
9 24
3 18
10 69
10 63
4 86
10 86
6 91
2 14
9 10
3 15
9 99
4 100
1 34
7 33
9 52
7 48
5 0
8 78
2 38
1 71
10 90
5 76
5 50
9 39
2 11
5 8
9 70
6 50
8 6
1 57
3 45
5 63
1 25
2 31
5 86
5 81
3 67
1 36
7 42
3 64
1 1
2 43
8 99
2 89
4 77
4 16
6 38
10 80
10 50
6 83
6 51
10 99
7 49
5 80
2 67
7 15
2 5
4 43
4 63
6 25
7 21
6 7
4 76
7 52
2 14
8 77
4 100
10 71
5 71
6 41
3 31
3 36
6 95
8 37
3 26
1 92
7 40
8 8
2 43
7 56
2 21
1 26
6 73
2 77
7 10
3 37
1 8
3 75
6 86
5 39
5 97
5 49
1 0
10 82
1 1
6 71
10 0
7 23
1 74
3 23
4 43
2 87
2 51
3 7
9 93
1 57
4 63
10 58
8 21
9 79
2 9
3 78
1 43
7 99
1 9
7 58
9 11
9 96
9 38
7 72
1 7
10 26
10 73
8 10
6 97
4 92
9 66
4 31
9 45
8 75
8 76
6 3
1 0
3 98
4 49
2 0
4 83
9 95
1 32
5 43
8 62
5 45
4 14
9 9
3 15
6 27
9 0
1 20
6 16
5 44
6 72
5 61
4 69
8 32
10 68
4 4
4 85
10 38
7 44
4 57
8 50
5 86
10 71
6 30
4 75
4 61
6 79
4 18
10 3
2 60
9 32
5 67
5 48
4 85
4 92
8 69
5 27
8 88
2 52
5 77
6 18
2 64
1 40
10 92
4 81
5 17
1 0
5 28
4 46
8 34
1 9
10 32
8 59
4 56
10 76
9 18
9 73
9 12
9 15
7 35
2 0
3 39
7 68
7 97
3 90
6 64
10 45
7 25
2 17
4 94
4 73
3 74
3 8
9 56
10 10
6 5
9 61
4 69
8 96
3 20
7 50
6 69
6 8
4 45
9 45
6 10
3 35
4 1
1 13
3 87
4 5
4 86
3 21
6 64
10 76
3 27
3 28
5 5
7 8
5 44
5 74
10 52
3 57
7 32
2 3
2 10
6 53
5 16
5 73
6 92
6 68
8 1
6 94
4 54
4 15
3 14
7 70
7 26
4 83
1 26
4 74
1 24
5 57
8 1
4 83
9 36
8 78
9 72
7 57
4 56
7 0
7 34
3 74
6 74
4 17
10 47
10 32
6 84
8 90
9 45
6 20
5 41
1 34
2 16
1 49
4 7
3 0
7 22
7 77
9 52
4 49
6 47
8 75
3 0
2 97
6 11
3 100
3 70
5 54
10 44
6 65
6 24
2 83
2 27
9 66
3 0
3 20
9 44
3 79
9 33
8 4
6 47
8 85
4 100
7 50
9 61
2 62
9 5
10 43
3 9
3 77
6 87
5 88
7 49
10 64
6 88
7 90
5 16
2 66
7 1
4 10
10 62
10 86
7 68
3 29
7 49
5 6
3 63
4 71
8 79
10 12
6 78
8 21
8 3
6 59
6 35
2 83
9 5
6 52
8 84
10 72
8 23
3 53
8 32
4 39
8 15
3 39
2 9
4 37
6 1
5 5
7 40
2 28
7 37
6 63
5 66
8 25
6 3
5 65
4 10
4 48
3 59
9 59
5 37
4 66
1 40
7 0
1 66
7 33
1 92
4 94
4 94
7 76
3 6
7 80
7 50
5 28
8 66
5 7
10 18
6 3
2 4
4 4
3 19
2 47
4 74
3 23
6 48
1 99
6 12
10 50
9 14
7 63
9 45
6 71
8 100
4 19
2 63
10 10
5 4
1 15
8 100
10 51
5 50
10 81
2 7
4 6
6 38
3 13
10 38
8 73
1 30
5 56
5 74
3 25
3 90
9 77
7 22
1 29
9 55
6 7
2 3
10 56
4 82
3 98
10 20
6 25
9 58
4 7
7 17
8 24
4 98
6 54
7 48
1 37
6 47
4 53
2 43
7 65
3 71
3 39
5 33
3 34
7 39
9 38
2 72
4 97
10 80
8 12
4 64
5 2
10 77
2 93
9 25
5 45
7 85
1 92
7 90
7 23
10 42
2 61
6 62
7 56
10 94
10 12
7 90
1 59
1 82
6 59
5 19
2 9
9 67
5 62
5 54
6 84
4 98
5 93
7 38
6 46
2 15
7 6
4 83
9 87
7 97
2 49
3 100
6 96
3 93
10 100
4 20
2 62
9 80
3 95
6 45
1 72
8 22
7 83
10 18
6 38
1 54
8 45
8 9
3 89
7 22
6 35
2 36
4 54
8 67
3 74
6 83
7 79
10 30
9 71
8 78
8 68
2 41
3 62
7 8
2 44
3 34
6 42
4 12
6 47
9 6
2 35
1 78
9 94
9 45
4 17
6 19
4 50
9 72
3 47
3 60
1 68
9 92
6 54
7 25
8 37
1 87
8 6
5 15
10 58
3 4
3 61
8 16
4 61
3 57
4 9
3 54
8 70
1 2
5 73
5 3
2 54
7 59
2 38
4 87
6 74
7 63
7 38
3 96
4 88
8 9
10 73
3 53
10 84
5 77
4 32
5 21
6 82
7 75
1 98
4 19
6 69
5 29
5 84
2 12
7 30
5 78
5 89
7 48
5 0
10 82
9 52
9 13
5 65
7 22
7 28
3 40
2 48
2 70
8 32
2 35
5 63
4 27
2 22
7 88
4 69
10 70
10 42
5 84
5 44
3 15
2 19
2 43
4 40
6 60
4 9
7 68
9 53
4 1
4 75
4 11
6 43
7 74
2 30
6 56
9 62
6 74
3 9
9 99
8 84
8 57
5 2
1 59
10 71
8 71
6 75
5 98
6 30
8 1
5 95
7 51
9 52
1 0
2 11
9 64
7 22
6 65
7 16
7 7
10 76
5 68
7 35
2 25
2 64
3 25
4 35
2 2
9 65
10 50
4 71
8 54
1 55
5 10
2 39
8 17
3 80
10 70
5 24
5 59
8 57
1 81
10 7
4 53
4 50
1 98
4 81
10 71
1 14
2 99
3 15
8 1
3 37
3 97
1 64
7 22
6 67
7 82
8 38
8 91
5 5
3 58
1 18
4 15
8 40
6 98
5 80
8 41
2 88
8 66
8 39
9 37
4 47
1 48
7 59
10 6
7 71
4 95
10 61
5 30
1 47
4 10
10 66
7 77
2 19
8 0
2 96
4 69
3 93
5 65
4 0
1 92
7 50
10 34
5 29
4 70
9 32
2 75
6 62
9 11
5 34
4 4
9 100
8 27
9 54
5 26
2 78
1 52
10 66
4 0
7 5
9 80
7 30
8 53
6 13
8 68
4 85
4 48
1 56
10 69
8 100
1 49
2 54
6 5
2 92
4 18
1 6
1 86
1 69
9 77
7 23
8 63
2 0
4 61
8 59
4 55
9 39
9 64
2 50
8 19
9 13
7 58
7 92
9 90
8 85
7 6
8 57
6 2
6 96
3 93
9 38
10 43
8 74
9 73
9 73
10 86
9 15
9 4
10 29
2 85
1 10
4 20
4 10
6 2
6 72
2 63
7 9
3 92
10 26
3 72
1 49
5 1
4 98
2 48
3 51
1 68
2 56
9 53
8 18
3 58
5 14
5 43
2 86
9 82
6 92
2 71
6 3
7 87
10 4
7 20
4 15
9 3
9 76
5 73
10 36
3 49
2 29
8 17
1 27
7 7
10 34
2 22
7 45
8 43
1 77
5 96
8 56
3 45
1 6
8 56
1 36
8 20
10 3
3 83
4 87
8 36
1 18
4 63
4 45
3 4
10 11
1 72
2 74
6 39
9 63
8 98
9 19
3 42
7 47
8 21
7 1
3 31
6 62
3 86
7 23
1 84
6 86
7 94
5 50
2 84
4 14
6 67
1 94
5 5
5 85
8 26
2 98
1 84
1 39
1 67
5 96
8 77
4 0
3 84
10 0
8 5
5 47
10 28
4 55
4 94
5 57
1 77
6 18
6 24
5 89
10 98
2 51
8 24
7 96
10 95
10 90
5 20
9 23
9 6
5 28
10 18
1 74
4 19
6 79
10 100
2 68
1 66
3 4
1 34
9 97
4 27
2 35
9 61
7 21
10 72
6 88
1 78
10 35
2 9
6 88
2 40
1 34
2 31
6 91
2 43
5 52
4 50
7 39
2 98
8 65
8 2
1 75
3 30
1 37
3 9
10 92
2 94
6 61
9 60
3 40
6 84
2 87
5 17
6 63
7 52
7 78
9 22
8 13
9 88
1 26
4 78
5 92
6 34
9 58
4 54
6 80
8 41
1 73
4 22
10 80
9 49
5 33
9 69
7 15
8 22
3 59
1 59
8 88
10 95
2 68
3 100
7 93
1 8
7 48
4 12
1 13
4 31
9 81
2 9
6 34
1 74
8 6
6 12
6 75
2 44
9 38
9 58
5 55
9 24
3 69
8 97
10 43
2 61
9 54
10 14
1 2
1 22
3 83
9 43
1 19
10 58
3 32
7 53
4 82
4 77
9 58
7 23
8 28
9 46
5 75
1 45
2 87
4 10
8 11
4 11
9 59
5 6
3 79
2 59
1 79
2 87
9 49
6 90
5 15
4 71
10 29
6 97
3 1
6 88
7 38
7 41
5 13
9 52
1 84
10 4
9 52
8 11
7 32
2 43
8 67
9 58
6 63
5 49
4 18
7 6
5 28
4 15
7 17
1 95
8 75
9 35
9 5
7 90
2 69
7 60
8 28
8 21
6 18
7 67
8 58
5 91
8 59
7 28
1 26
4 19
8 74
5 71
1 14
2 72
10 63
5 33
3 78
3 53
2 57
2 50
3 59
7 88
5 18
2 72
4 65
9 36
1 90
3 76
7 40
6 92
4 36
1 78
5 39
3 11
10 82
5 80
8 28
1 13
9 65
2 81
3 71
4 16
8 75
5 74
6 38
3 93
2 39
7 78
7 40
1 80
7 45
9 79
8 19
1 16
3 70
4 68
2 81
2 30
3 30
10 9
6 2
3 58
1 87
2 41
10 8
10 94
4 68
7 75
7 13
2 36
6 100
3 83
2 8
5 78
9 91
3 32
8 99
6 69
5 83
1 0
2 30
3 59
1 23
10 95
1 67
5 42
9 64
7 63
6 94
8 34
4 81
8 12
10 42
5 24
6 27
9 35
10 28
4 51
9 12
8 63
2 30
6 23
6 52
1 7
10 13
2 28
5 35
10 45
2 28
3 56
8 77
7 71
7 3
9 38
1 88
3 25
9 90
8 90
3 10
5 39
4 83
9 65
7 70
1 40
6 31
7 28
2 42
1 67
8 32
6 90
10 89
6 22
9 23
5 63
1 80
8 61
3 89
10 34
10 100
8 65
1 42
1 88
4 18
10 32
8 19
4 45
7 34
3 0
4 30
9 86
1 5
1 39
1 17
8 49
8 12
2 71
1 35
2 43
7 88
4 70
10 26
8 44
5 43
10 7
5 99
3 57
9 66
1 86
2 95
8 32
2 93
2 7
5 84
8 95
9 49
1 28
1 80
3 71
4 61
1 91
5 62
7 41
7 65
4 64
2 59
6 48
1 54
5 69
7 10
7 0
6 33
6 43
8 32
6 92
8 37
4 9
3 92
6 86
9 44
3 12
8 83
2 45
2 0
6 18
4 24
6 7
6 34
5 68
9 40
2 31
9 8
4 89
6 63
4 31
2 100
4 82
2 66
8 80
9 62
4 19
2 44
7 94
4 86
1 26
7 16
5 98
1 38
4 8
9 58
3 31
9 74
6 38
4 58
4 88
5 86
1 5
10 38
3 25
4 78
9 17
10 22
2 74
3 40
9 90
7 75
7 31
7 98
2 13
5 43
3 45
3 4
10 38
1 93
6 62
9 33
5 71
7 40
2 23
9 34
4 57
8 45
1 7
3 11
2 66
2 82
1 24
10 18
9 8
4 76
9 97
9 60
7 59
6 20
1 65
5 98
1 4
5 22
2 40
8 57
3 71
9 75
5 1
8 1
6 90
1 40
10 25
3 24
2 60
5 24
2 11
4 99
10 67
3 12
10 33
4 85
5 36
1 26
3 88
8 6
5 14
1 12
10 84
8 11
10 33
10 0
8 85
6 57
4 39
10 85
8 36
9 80
4 88
9 39
9 70
7 46
8 76
1 97
5 66
9 76
4 47
5 11
2 20
1 4
7 83
8 10
7 63
7 65
9 100
3 33
10 23
5 9
10 70
4 52
4 7
6 42
10 8
10 78
1 65
4 62
7 84
9 28
5 7
6 59
8 96
7 29
4 94
5 92
10 36
8 96
5 88
5 51
7 44
1 44
3 47
8 56
1 66
2 35
10 80
2 68
3 43
5 2
4 53
7 15
8 94
9 99
4 63
8 37
7 7
10 50
2 73
2 95
5 73
3 64
4 18
3 27
7 9
7 13
1 12
4 4
10 53
9 84
10 73
10 30
3 53
10 37
5 30
5 51
1 46
7 13
2 20
1 93
1 25
3 54
6 59
6 58
5 73
1 55
7 54
7 80
1 51
4 13
1 71
1 45
7 30
1 27
2 16
8 77
1 14
10 100
2 51
9 39
4 67
10 58
10 59
9 33
8 89
10 1
4 36
8 89
3 36
2 36
8 61
2 9
4 49
5 33
9 1
3 32
4 46
2 59
6 99
5 41
10 91
4 69
9 20
3 57
4 21
1 81
10 97
3 7
10 40
5 35
8 40
4 31
4 12
9 26
1 41
9 83
3 81
9 87
5 51
1 61
8 16
8 29
2 65
6 72
1 95
5 24
5 92
8 58
2 82
9 62
5 29
2 76
6 95
9 11
3 49
3 84
7 2
7 47
1 85
1 17
7 61
10 58
10 61
8 20
2 75
2 96
8 81
9 73
3 2
2 28
6 56
9 87
3 65
7 14
10 6
2 79
10 73
7 92
6 7
1 91
8 73
9 53
1 63
8 52
8 85
8 0
5 21
6 100
1 64
8 77
1 99
10 87
4 76
8 55
5 26
7 18
6 93
8 86
5 73
3 0
8 99
4 86
4 15
1 27
5 19
7 6
3 10
8 29
7 80
10 24
4 82
7 36
7 20
3 0
1 27
9 65
9 1
7 29
6 97
2 73
7 30
8 95
10 62
4 25
3 39
2 0
10 89
9 4
4 78
2 86
4 50
1 9
8 50
6 42
9 83
5 76
8 32
1 18
10 71
6 100
5 48
4 35
1 81
1 49
9 46
3 15
4 40
4 83
4 21
2 12
5 97
5 23
2 46
8 5
6 31
5 60
7 18
9 88
1 31
7 31
5 67
1 83
8 70
1 53
9 71
4 61
2 90
2 8
9 32
4 5
3 2
4 30
1 24
5 9
1 77
5 38
6 40
2 34
8 16
3 2
3 24
9 28
10 5
4 55
4 71
3 18
9 55
2 3
9 69
2 18
2 31
4 95
8 82
5 67
7 87
4 71
9 80
8 4
8 20
1 38
1 81
9 71
5 11
2 26
6 8
5 28
6 59
9 60
7 94
9 63
8 52
6 4
5 75
10 57
10 69
2 59
6 53
1 57
9 87
4 48
10 63
2 26
5 44
5 75
7 31
9 19
4 6
3 21
6 86
5 40
4 73
10 33
7 12
2 5
8 93
8 56
8 34
8 26
8 37
4 46
6 87
5 2
5 75
9 97
10 61
2 88
1 15
3 59
6 100
10 57
6 80
4 59
1 87
8 94
8 93
7 50
7 46
6 45
8 79
8 77
3 87
3 41
5 27
9 71
10 89
7 49
2 63
5 39
5 19
6 60
1 64
4 13
4 73
6 95
4 6
1 26
5 33
10 94
4 95
6 32
3 80
3 16
5 65
9 73
5 4
4 79
9 34
1 22
7 10
10 87
6 79
3 74
8 49
7 70
6 51
7 65
7 18
2 68
7 57
7 9
2 94
1 43
3 52
4 71
2 97
4 49
5 64
10 49
9 52
2 12
5 17
9 36
6 59
5 91
3 96
7 86
8 18
3 99
4 12
4 57
2 27
2 72
2 19
4 80
1 87
9 7
3 37
7 67
4 37
1 89
9 84
5 44
2 34
1 10
9 25
4 73
3 12
8 61
1 27
2 73
4 78
1 45
5 79
8 59
4 23
7 36
4 67
1 48
8 25
6 88
10 35
8 3
1 63
3 4
2 76
10 58
9 50
5 56
6 38
8 4
6 15
3 88
6 22
5 5
1 22
5 25
4 43
1 19
2 43
9 37
2 91
2 61
1 41
10 86
4 92
10 59
6 0
6 63
7 20
10 85
8 76
7 19
3 63
9 44
6 49
1 48
7 73
6 9
9 62
5 95
4 84
8 31
8 85
6 30
10 67
3 97
4 87
5 29
4 75
7 70
8 50
2 95
2 41
8 79
1 7
4 9
4 40
2 86
8 23
5 10
10 74
5 87
3 49
8 16
9 54
7 23
3 73
2 35
4 52
7 25
2 39
2 53
6 100
8 21
4 12
2 8
4 80
3 62
6 33
8 11
6 19
5 62
8 37
4 65
5 33
7 61
3 15
9 31
3 66
3 88
3 67
5 47
3 11
8 41
7 36
9 76
10 68
2 72
10 1
7 73
6 31
2 71
3 83
3 93
3 7
4 33
6 63
1 70
9 68
6 9
6 15
2 30
10 27
5 65
4 9
9 23
7 93
7 95
4 41
3 87
7 39
6 82
1 66
5 22
4 20
3 38
5 69
7 100
4 34
7 53
10 29
3 55
5 38
5 51
3 96
3 39
7 16
5 19
9 25
6 76
1 47
5 64
4 79
3 97
2 40
3 53
4 43
9 87
4 59
6 0
6 99
7 15
10 7
10 94
9 64
2 88
2 56
2 88
3 1
6 4
10 30
10 25
4 81
1 98
4 15
6 77
3 2
5 34
1 3
1 84
2 62
1 65
8 73
5 42
2 65
6 99
2 65
2 20
8 79
4 16
8 42
9 17
3 4
4 91
4 52
6 11
8 6
9 92
3 48
10 92
6 33
7 5
2 19
5 87
8 67
7 12
2 75
1 56
5 34
2 51
6 54
9 65
7 61
7 24
10 56
7 12
8 59
8 4
1 66
5 86
5 26
2 23
10 2
2 43
10 92
2 89
9 7
1 60
1 12
4 13
5 94
6 36
5 94
6 21
4 57
7 70
7 9
3 75
6 89
6 27
10 35
5 85
5 10
5 1
2 66
8 3
9 52
5 48
5 22
7 60
8 64
9 59
6 97
4 57
4 57
2 96
2 43
8 10
9 86
6 37
10 58
1 99
1 21
10 88
4 1
1 35
3 76
1 5
8 66
3 7
7 42
1 66
9 6
8 59
9 36
7 50
5 17
10 67
2 16
8 52
6 54
2 26
1 61
7 49
6 79
5 29
2 91
9 37
4 14
1 80
3 6
4 73
5 70
2 90
3 33
9 80
6 74
3 13
2 0
3 37
4 21
5 81
2 28
6 25
4 74
1 100
8 13
1 29
8 31
6 86
2 55
5 50
2 87
3 83
9 47
9 41
3 53
10 3
4 85
4 82
7 48
10 58
4 4
3 3
4 12
6 47
6 61
8 5
1 50
5 18
9 49
1 77
4 94
6 91
9 80
5 83
2 71
8 99
4 62
9 38
1 62
10 70
7 48
9 22
1 44
1 64
3 75
1 73
3 47
8 81
1 54
4 51
6 19
1 21
6 93
2 40
1 36
6 93
1 81
5 88
8 70
1 49
10 93
6 81
6 14
4 38
3 33
9 56
1 93
3 79
4 37
6 13
8 93
3 85
5 55
8 23
2 53
5 45
3 70
9 81
5 2
6 41
3 64
7 31
5 77
5 25
4 31
1 17
5 7
5 66
10 27
8 53
6 20
2 7
4 46
6 61
4 60
4 4
8 55
2 38
5 42
8 20
7 2
5 24
4 94
3 96
2 37
5 29
5 21
10 91
8 42
7 57
5 62
4 93
2 58
9 24
4 46
1 9
8 13
4 44
8 35
7 38
5 53
10 28
10 73
10 92
7 68
10 32
7 94
7 37
4 3
3 99
9 2
2 3
7 97
2 82
2 55
7 39
7 3
2 79
7 22
5 76
3 68
10 5
1 28
7 22
3 39
4 100
6 94
9 24
6 39
2 40
7 52
3 96
3 30
1 37
7 58
8 25
1 93
7 15
7 12
5 94
9 75
10 0
3 32
5 83
8 34
10 10
10 4
9 11
2 75
1 19
2 94
10 17
5 70
3 99
8 66
8 13
9 51
3 42
7 48
9 3
5 6
2 96
1 2
10 32
4 6
1 81
7 16
1 2
3 46
7 35
3 23
2 74
5 49
6 67
4 49
5 98
10 43
2 27
5 65
7 15
2 67
5 4
3 47
6 37
2 35
9 43
4 21
7 84
10 2
8 47
7 82
3 33
5 62
5 11
1 40
6 29
5 76
3 38
2 85
7 15
4 22
4 61
2 74
9 71
9 77
6 56
6 25
9 74
6 48
4 9
8 8
8 62
5 25
10 52
6 43
1 81
9 94
1 74
7 20
3 53
4 100
1 82
3 87
2 17
6 93
9 39
6 35
2 62
10 7
8 54
5 16
9 5
3 19
10 43
10 86
7 60
3 60
2 61
4 95
10 91
1 71
1 19
1 85
8 94
1 59
2 76
3 55
4 8
7 20
7 66
2 87
1 9
6 60
7 70
2 90
7 79
3 3
2 74
4 36
6 61
6 35
9 33
7 54
5 48
4 25
5 0
8 21
2 89
8 57
8 69
8 59
8 11
1 30
6 62
1 13
6 21
3 69
9 13
1 6
6 95
7 89
1 3
5 20
10 65
3 20
4 9
5 24
5 51
5 68
10 94
3 11
5 88
10 21
7 28
6 59
9 47
5 91
4 12
1 13
1 93
5 75
6 32
3 26
8 5
3 5
2 56
9 24
6 85
10 29
9 30
1 88
5 84
6 75
6 55
4 65
9 75
1 97
2 10
10 91
5 47
10 92
8 32
6 89
8 81
6 17
9 61
5 57
5 17
10 17
1 59
4 74
9 99
5 25
7 51
9 55
6 99
2 43
10 20
5 90
1 73
6 65
9 45
1 63
3 93
7 82
6 70
5 62
2 95
2 56
6 37
4 44
4 83
4 9
6 37
10 97
8 90
4 68
6 47
6 79
8 68
4 67
4 95
6 50
1 6
9 61
3 69
8 4
3 91
4 58
7 39
5 36
3 19
6 82
8 76
5 24
8 11
9 9
9 41
3 5
4 28
5 88
8 41
2 93
9 8
6 79
5 0
2 23
4 3
6 77
3 2
6 100
3 81
1 93
4 87
3 66
2 73
6 62
9 90
8 71
2 46
2 94
9 11
8 86
4 30
2 51
2 90
8 49
4 99
10 54
9 100
1 23
3 98
2 80
5 91
2 29
3 27
6 51
3 65
7 56
6 73
9 0
1 41
1 3
3 47
2 79
2 84
2 65
1 38
10 43
1 17
5 43
6 40
7 13
1 16
1 41
9 86
5 38
4 70
10 31
5 93
3 9
7 43
9 63
8 31
7 4
8 77
2 47
9 10
4 94
6 79
5 45
9 18
8 60
4 89
7 17
9 57
2 26
7 12
4 23
8 20
4 25
8 94
5 33
6 59
4 51
7 87
10 23
5 95
7 47
3 27
7 53
2 14
5 79
6 48
7 76
2 44
7 88
7 82
6 63
9 76
2 53
9 31
5 96
1 25
6 74
3 68
8 100
9 75
10 100
10 78
1 78
5 60
2 80
7 89
9 36
1 65
5 6
9 0
5 84
5 2
8 23
8 0
4 89
2 1
4 28
10 17
5 31
3 84
7 50
1 70
8 68
4 74
7 84
2 51
4 30
7 88
3 60
5 45
7 94
2 42
9 69
1 75
7 6
1 47
3 37
5 51
3 29
2 71
10 85
10 25
1 53
2 74
3 14
10 33
4 6
1 43
8 61
8 19
9 57
8 61
10 32
5 18
9 43
2 0
10 16
3 73
10 54
9 51
2 16
3 72
7 29
10 49
4 95
4 24
3 51
10 82
9 89
9 17
5 71
7 57
1 57
3 42
4 53
10 62
2 6
8 73
10 82
3 5
10 8
7 33
9 70
7 9
9 81
4 17
6 60
7 24
9 76
6 46
2 35
7 84
7 81
4 28
7 16
4 21
1 67
3 66
5 35
6 78
6 83
2 63
4 26
1 62
10 48
5 84
8 64
2 6
4 98
4 27
4 24
1 69
4 45
5 11
9 90
2 24
10 84
1 57
5 79
10 4
8 84
2 66
2 57
5 11
8 23
9 38
9 5
6 57
1 35
2 99
7 29
7 87
7 10
10 80
3 9
6 40
7 47
8 39
5 37
1 76
6 3
1 45
1 2
2 83
5 65
5 63
3 84
4 25
4 75
8 97
1 2
4 87
6 27
5 37
2 92
9 85
7 75
6 60
2 13
9 74
6 65
6 34
5 52
5 82
1 25
3 34
9 80
3 65
8 31
9 100
9 61
2 83
8 20
8 16
3 37
5 96
7 20
7 29
4 0
10 91
1 13
5 79
4 71
9 54
5 22
2 3
4 51
2 42
3 69
5 90
1 66
8 9
4 54
8 10
7 40
2 54
10 55
7 59
3 56
4 83
2 65
6 40
8 43
6 91
2 91
4 44
7 91
5 93
4 52
8 7
3 90
1 46
6 93
2 1
8 87
2 62
3 13
4 79
2 56
1 65
3 72
8 79
3 80
4 84
6 57
6 56
8 81
5 65
3 87
9 58
8 83
10 17
9 84
7 74
10 24
8 50
1 61
1 82
6 57
3 88
3 24
9 78
8 19
9 85
6 1
3 81
5 9
4 63
4 54
6 62
7 1
3 34
1 49
7 46
1 6
3 86
1 71
3 34
7 37
7 92
10 71
2 21
2 13
10 14
9 42
6 62
9 59
6 1
5 81
8 14
8 21
7 65
4 32
7 87
8 27
5 79
7 70
2 31
7 3
5 25
9 31
1 24
5 21
8 100
3 56
4 73
3 87
2 42
4 64
4 7
6 80
5 46
4 20
2 87
5 48
8 56
10 37
8 38
5 90
6 21
7 70
9 25
2 53
10 31
8 60
5 57
2 76
1 66
4 54
4 94
3 85
1 83
7 99
4 53
6 9
9 26
5 24
6 88
4 93
4 72
2 21
5 2
9 57
2 69
1 56
4 15
8 5
6 64
2 46
10 57
1 40
4 77
6 26
4 56
8 20
2 30
5 34
7 77
8 26
5 76
5 69
1 75
1 0
4 24
9 25
10 25
4 84
10 30
5 40
9 88
10 74
8 86
1 20
3 98
10 12
10 78
9 35
4 67
10 62
4 20
8 32
5 17
7 18
1 32
4 78
8 57
5 57
6 96
7 36
5 52
6 69
7 93
1 73
1 42
7 1
5 19
2 61
1 24
2 40
5 97
4 99
10 46
7 37
3 70
6 42
7 66
2 52
5 99
1 55
1 22
8 84
3 29
10 46
9 16
2 100
6 11
9 81
1 21
2 77
8 94
7 52
1 52
7 56
1 60
8 96
7 40
7 55
9 92
10 76
7 93
8 90
1 92
5 83
4 40
3 1
7 16
8 36
9 16
4 52
5 69
1 87
7 15
4 2
5 46
5 81
8 90
4 68
3 87
9 77
2 50
1 85
4 85
3 86
8 61
9 28
10 92
4 12
6 15
10 89
9 42
6 30
2 90
5 38
7 16
4 49
10 85
7 20
9 99
3 47
8 14
3 55
7 65
4 59
2 23
10 14
2 63
7 66
6 38
9 61
7 91
9 52
1 56
2 24
1 19
2 40
7 100
4 4
3 4
9 25
2 73
1 2
6 32
5 36
1 23
8 68
4 32
1 48
4 64
5 64
6 12
8 68
9 24
5 83
3 34
2 57
6 65
3 36
8 40
10 26
7 2
3 70
8 72
3 94
3 16
5 98
4 74
7 44
4 78
9 59
7 95
10 74
9 92
10 61
4 75
8 36
4 11
7 28
3 8
9 40
10 71
1 41
9 89
2 84
6 1
5 95
4 78
9 69
7 77
5 70
1 54
3 89
4 92
9 38
2 28
4 94
4 54
9 52
6 62
6 25
4 23
1 18
7 13
1 99
9 53
10 50
5 70
1 60
1 73
2 2
9 80
3 81
2 64
3 62
5 8
9 12
8 10
4 67
6 80
4 24
1 56
2 16
7 74
2 0
7 11
2 26
4 0
7 73
2 84
8 57
7 69
8 94
7 26
5 0
5 40
8 32
6 67
5 25
4 13
3 1
9 40
8 78
8 30
1 5
2 68
5 0
8 25
6 71
10 22
5 80
1 42
4 68
9 83
5 57
4 64
7 45
5 99
7 23
6 58
10 51
10 92
10 63
6 80
9 42
5 42
7 67
4 98
8 63
8 8
9 50
5 89
2 76
5 8
2 34
9 98
3 58
8 67
3 29
2 61
6 26
3 46
7 55
10 43
2 58
8 63
1 11
3 7
1 86
6 36
4 68
7 45
9 66
8 2
8 43
6 48
10 9
3 21
2 77
3 45
7 51
8 95
4 36
2 51
7 29
3 28
4 43
5 89
3 74
4 67
5 3
8 92
4 12
10 78
1 97
2 65
7 3
4 41
8 65
3 40
4 38
2 74
5 71
5 60
9 5
5 38
6 20
6 12
1 94
10 26
9 63
5 73
5 15
4 49
2 99
1 53
3 69
3 1
9 5
8 81
10 26
1 58
5 79
1 68
8 67
10 19
4 94
2 86
7 26
6 73
6 51
4 42
5 75
5 24
2 4
4 91
5 80
9 88
6 75
4 2
9 1
4 21
10 3
5 0
3 19
3 70
1 16
7 36
7 95
9 37
10 84
1 99
5 28
1 2
3 64
1 0
4 99
2 95
10 74
2 19
3 5
6 36
6 84
2 37
2 10
2 7
9 85
4 4
5 78
4 0
2 27
2 5
8 18
3 54
6 79
9 100
2 58
1 80
8 35
9 40
9 88
5 54
10 51
5 5
10 23
2 35
5 15
2 2
3 12
3 38
3 64
4 68
8 97
10 84
2 48
9 79
10 68
1 43
5 34
9 24
10 86
4 76
10 95
7 3
1 38
2 35
1 81
10 41
8 38
2 0
7 30
4 64
3 79
10 36
10 23
7 66
2 52
7 84
10 93
9 66
2 84
8 8
2 68
6 64
10 88
7 76
7 24
7 47
9 92
7 78
4 54
8 42
1 0
1 95
10 14
5 95
3 80
5 70
6 2
3 5
9 67
3 88
1 28
2 48
9 39
2 99
3 36
4 57
10 12
1 5
9 27
1 6
5 55
5 39
10 31
4 67
6 21
4 16
10 9
2 67
1 27
5 92
1 50
5 96
1 84
3 12
10 92
3 61
10 14
3 24
4 4
6 72
5 0
1 76
4 9
9 81
6 34
7 21
3 44
3 30
6 32
6 83
2 66
8 39
3 89
3 68
4 13
5 46
7 53
6 87
5 51
9 55
10 58
5 37
2 87
9 22
2 85
1 91
3 8
1 100
3 79
5 43
7 34
5 13
3 14
7 67
8 51
6 89
1 48
10 13
9 91
5 12
10 80
2 58
3 67
7 44
2 39
5 26
1 33
8 67
5 60
3 6
1 46
2 99
6 15
8 72
3 24
1 61
10 88
10 59
1 62
8 22
7 43
10 52
9 49
10 88
1 2
9 27
2 78
7 84
4 33
6 11
7 41
1 62
7 32
1 8
8 62
9 98
6 93
3 10
9 99
5 14
8 67
5 1
3 2
10 67
7 97
8 5
8 44
2 43
5 15
9 65
1 80
6 57
7 51
2 78
3 17
5 91
6 63
10 67
5 95
7 49
6 88
2 4
4 51
2 48
4 7
6 60
7 55
2 62
9 69
7 90
4 50
3 22
1 79
5 47
1 69
9 23
3 78
3 2
2 38
10 56
10 26
7 81
1 11
5 6
7 83
4 4
4 16
10 27
3 84
7 75
7 59
9 20
4 74
10 47
3 74
10 7
8 46
9 14
1 75
8 48
7 61
6 79
7 52
7 26
8 66
8 22
6 95
1 94
10 9
5 27
3 86
4 4
3 5
8 42
6 72
4 53
4 75
2 33
3 88
3 60
6 80
8 27
10 87
8 50
7 65
5 6
10 83
10 24
1 85
2 55
10 75
3 22
6 92
3 78
3 82
3 11
3 30
1 73
7 44
4 1
10 71
6 83
10 8
5 55
6 79
4 11
10 6
9 19
3 72
7 59
7 68
8 42
4 76
8 27
4 15
2 87
10 45
10 14
10 71
2 82
5 14
10 46
4 41
4 5
2 0
5 47
1 23
8 83
1 49
7 94
1 30
5 77
5 28
8 36
6 27
3 30
10 12
3 15
4 65
4 56
9 6
1 37
5 41
6 27
6 65
1 17
8 58
10 57
3 100
3 63
2 9
8 1
3 95
3 53
1 21
5 94
7 60
5 84
4 15
10 57
3 2
6 57
5 43
1 90
1 34
1 50
1 11
4 23
4 4
10 19
10 32
8 96
1 79
1 68
5 9
3 31
1 58
8 96
2 49
5 63
5 45
4 92
5 41
5 62
5 44
7 26
2 51
5 11
7 61
2 29
10 9
9 12
7 25
6 74
7 11
10 26
10 20
6 58
2 28
3 90
4 86
4 16
8 0
7 47
9 78
4 1
3 55
9 98
9 28
7 66
8 24
5 45
3 93
3 75
8 76
2 85
6 99
10 69
7 94
5 5
1 45
10 20
8 88
9 0
4 83
7 83
9 26
5 6
3 70
7 24
9 15
7 67
8 88
7 17
3 77
10 26
2 20
3 57
4 43
5 67
7 29
10 80
3 2
7 10
2 73
3 92
2 37
1 63
9 17
9 48
8 91
3 99
9 100
7 85
10 49
7 91
5 80
7 14
8 21
10 49
4 25
2 21
3 24
9 45
10 81
4 50
1 38
1 83
5 52
3 69
10 93
7 19
1 69
6 34
2 60
5 51
10 77
5 64
3 82
7 4
8 20
7 48
10 42
6 64
1 13
7 51
9 86
4 33
2 53
2 85
9 0
1 45
6 74
4 70
7 77
5 46
5 27
4 19
6 34
4 92
2 81
3 42
3 75
4 21
5 24
9 5
9 23
3 10
9 31
6 53
4 92
6 26
4 47
6 69
9 86
4 98
2 49
7 97
2 7
2 42
9 12
7 36
1 46
5 69
3 62
4 71
2 14
2 59
4 99
5 18
9 65
6 14
6 54
5 45
7 93
10 96
5 62
1 1
2 73
4 22
4 21
9 88
3 72
1 38
3 2
3 69
10 29
1 53
1 97
6 91
2 70
8 17
5 62
2 26
9 58
2 49
10 97
10 96
5 97
1 79
6 74
6 58
4 54
3 80
9 32
7 2
9 47
3 82
3 74
2 17
1 80
4 38
8 88
8 44
8 63
8 63
9 79
2 24
8 32
2 77
1 58
2 59
10 13
9 67
9 37
9 85
5 98
1 87
3 79
4 24
6 88
2 91
2 38
7 65
6 12
9 27
3 22
6 73
10 97
7 26
2 83
7 65
1 95
9 37
7 87
9 36
3 76
8 73
1 66
9 20
6 49
1 25
10 88
1 34
6 6
2 51
5 0
3 2
4 23
3 71
10 3
10 62
3 90
10 4
10 11
8 10
9 41
1 11
5 60
4 39
4 63
4 45
3 53
8 47
10 3
4 8
2 21
6 16
9 17
4 35
10 26
10 58
1 79
4 83
1 0
4 69
2 2
7 58
3 1
8 80
4 24
7 21
3 92
8 79
3 93
10 64
5 55
7 15
10 23
1 65
5 100
7 50
7 25
4 19
4 65
7 30
2 7
7 39
2 57
5 58
9 92
6 26
3 55
3 98
1 4
6 20
6 23
8 12
9 26
4 28
3 81
5 82
4 94
10 57
4 36
3 63
7 50
4 56
4 69
9 9
9 41
9 47
4 57
1 59
7 12
5 35
3 48
4 74
6 57
2 28
7 40
10 88
3 51
1 77
9 34
3 16
2 56
7 37
6 81
5 38
3 92
8 1
7 28
10 19
1 51
5 12
4 60
2 85
8 50
10 4
2 70
3 10
5 98
5 81
4 66
10 40
7 43
3 39
8 11
6 76
1 80
10 84
7 21
6 4
5 80
1 9
8 17
4 24
3 35
8 51
3 49
10 65
4 64
5 33
1 95
9 62
2 71
9 34
8 31
1 93
10 84
3 15
5 30
6 49
2 62
1 61
9 96
7 85
5 3
2 73
7 65
7 57
4 98
5 18
7 63
7 44
8 76
1 35
4 87
6 1
3 60
10 54
7 97
5 66
4 7
4 1
4 55
6 97
1 62
10 29
6 79
7 44
7 11
6 68
10 84
8 17
7 87
6 68
2 81
10 50
7 54
3 23
2 53
8 100
1 27
3 73
4 67
9 9
10 25
3 23
2 54
3 19
7 19
1 80
5 28
7 8
1 16
2 27
1 86
7 1
5 75
4 71
2 67
10 69
1 0
8 82
4 29
3 74
4 68
1 28
1 78
7 28
3 4
3 53
7 11
7 36
4 14
1 30
3 16
5 15
7 8
6 40
8 36
7 84
3 69
10 49
8 20
10 69
2 91
2 13
6 81
2 80
5 69
1 63
5 25
10 49
8 64
8 8
3 85
2 62
1 21
5 0
6 84
1 5
6 14
8 96
3 11
1 24
8 89
4 13
8 0
5 10
8 24
9 53
7 65
2 35
3 11
5 81
6 24
9 22
2 71
6 29
3 27
3 9
1 38
10 29
7 60
8 15
8 47
1 29
2 42
9 34
1 32
6 94
10 13
6 55
4 53
6 90
5 79
6 76
10 23
7 80
3 30
4 79
1 39
3 53
8 61
6 51
6 24
4 29
6 21
1 87
9 20
4 87
6 36
8 55
4 92
3 13
7 65
3 76
1 47
5 38
2 75
10 100
7 96
7 11
4 72
2 52
4 38
2 65
1 59
3 4
6 70
9 93
10 29
2 19
9 0
10 40
1 18
7 16
4 27
5 78
2 67
10 40
8 12
4 67
6 82
3 66
3 67
7 7
3 37
2 93
8 29
4 45
9 30
10 96
7 44
9 96
3 86
9 94
8 14
1 50
6 87
3 64
4 77
1 42
2 22
3 22
1 96
7 6
10 35
8 79
9 5
10 80
10 95
6 30
2 76
9 61
8 73
10 78
9 95
7 63
7 91
1 75
3 77
1 31
3 21
9 1
8 60
2 0
3 45
9 15
9 6
7 72
5 13
10 28
8 4
6 45
9 79
5 37
9 47
10 76
4 60
4 59
10 42
3 95
3 85
9 95
10 1
2 69
3 73
5 2
9 37
10 95
3 16
9 67
6 33
1 3
6 12
5 31
5 8
1 29
1 74
1 91
10 78
9 26
9 96
2 52
5 13
5 69
8 51
8 95
3 70
10 39
8 45
4 91
4 98
10 28
6 59
2 96
7 39
10 73
5 1
7 93
7 33
6 29
7 25
3 18
9 43
6 69
3 51
6 44
10 0
7 55
3 1
5 46
5 21
2 53
2 33
2 6
7 68
1 93
9 55
2 44
2 53
5 62
9 10
8 1
4 37
10 76
5 52
9 66
1 4
8 9
1 90
10 16
4 96
6 83
8 34
8 46
6 11
4 59
2 83
8 91
8 39
6 21
8 53
3 29
1 89
4 97
10 44
5 92
2 7
8 54
5 78
7 8
2 4
10 55
2 65
10 7
6 48
2 26
7 81
6 85
3 36
3 53
3 74
7 76
9 97
5 80
8 36
4 87
2 19
3 6
3 7
9 13
6 87
1 88
3 67
9 14
7 11
10 70
1 81
10 32
5 75
9 77
10 11
9 89
5 54
4 30
1 79
2 7
6 70
9 42
4 33
5 44
5 9
1 100
5 59
4 61
7 38
7 20
4 53
2 49
6 41
5 66
8 41
3 3
3 17
3 85
2 44
2 40
10 77
8 54
9 88
10 58
8 31
9 84
3 45
5 16
1 44
2 98
4 7
7 90
4 74
10 11
1 41
7 100
1 85
8 75
4 29
3 17
10 28
5 89
6 33
6 41
5 20
5 28
6 30
4 3
6 48
4 60
4 42
10 89
8 88
5 81
10 76
6 95
3 59
2 53
2 14
7 5
9 21
4 90
5 70
4 5
5 52
3 30
4 28
2 100
3 82
8 36
10 48
6 62
1 82
5 94
5 68
8 65
3 11
5 37
10 40
8 48
8 95
4 93
8 19
6 10
4 18
7 100
2 98
10 49
7 54
4 18
2 8
2 12
9 53
7 13
9 11
8 21
7 36
1 8
5 37
6 29
1 97
3 8
2 48
4 87
4 37
2 49
7 61
4 24
3 55
10 43
2 30
8 92
7 9
8 44
10 25
10 58
8 2
4 14
1 95
6 72
2 91
8 56
5 100
4 53
1 41
2 55
7 83
3 43
10 82
6 50
9 15
7 91
5 31
5 71
6 48
4 84
6 19
2 60
4 47
1 62
3 81
7 38
4 90
1 62
10 21
8 89
10 36
6 64
9 37
1 0
9 7
4 55
10 58
6 61
5 88
3 45
9 40
3 100
8 79
8 57
8 5
1 40
10 17
4 20
5 0
4 22
1 77
2 95
9 72
5 75
5 47
6 59
4 88
4 13
3 79
8 98
3 91
8 61
3 96
2 80
10 67
3 16
10 4
1 42
4 13
9 19
2 20
1 31
9 98
7 77
9 83
7 71
7 61
6 56
3 38
5 82
4 99
10 28
6 97
4 2
1 94
2 13
1 35
5 15
4 66
4 57
8 94
4 99
10 10
4 92
4 81
8 33
5 26
6 98
10 48
8 55
10 34
8 85
8 17
5 29
10 22
9 47
3 69
1 99
8 20
4 66
7 54
7 22
8 71
1 22
8 85
4 4
7 82
3 16
1 80
2 72
1 17
1 15
5 43
3 40
9 18
3 1
6 33
6 55
9 88
8 98
7 22
6 98
4 42
1 61
6 7
3 31
2 42
3 97
1 0
7 8
8 60
7 35
2 44
9 19
7 90
8 87
6 86
10 75
6 67
1 96
8 83
9 84
2 80
3 88
3 78
3 8
9 76
2 62
6 69
10 100
3 77
5 25
6 66
7 53
3 43
3 11
9 51
1 12
3 53
9 17
10 18
1 18
4 38
2 46
5 3
8 1
1 87
1 4
4 75
8 75
8 36
3 40
10 38
9 15
10 11
5 18
10 39
3 99
6 65
9 45
6 3
5 5
1 6
3 8
1 66
7 76
7 67
3 87
4 1
2 12
4 69
2 89
7 6
10 88
1 4
7 72
2 48
10 20
10 48
9 94
3 74
8 60
2 85
2 78
7 39
9 76
9 84
1 69
5 91
6 33
9 76
1 34
9 77
5 88
5 87
10 75
2 76
9 76
8 3
10 28
1 99
8 90
6 95
6 27
1 85
9 33
3 1
2 17
3 45
8 94
6 29
3 47
10 36
8 7
8 69
3 59
6 38
7 58
10 67
4 5
7 65
8 79
5 5
9 59
4 18
8 9
4 1
2 1
5 97
4 58
4 44
5 27
4 89
5 18
2 92
6 14
1 50
1 33
8 81
9 35
4 32
7 61
3 82
2 51
7 61
1 24
8 4
4 5
7 46
5 14
1 97
9 71
4 56
4 3
5 17
2 66
9 43
1 23
8 53
3 2
8 67
10 19
5 2
8 37
3 29
2 74
5 94
9 45
4 46
4 29
2 68
2 95
7 7
4 60
6 65
8 79
6 49
5 81
1 35
2 71
10 41
5 29
2 30
8 13
2 86
7 95
1 54
6 95
4 64
8 25
5 96
2 19
6 70
10 59
10 48
4 50
10 75
6 67
4 12
9 8
3 64
1 87
7 23
10 60
5 78
1 74
5 70
10 42
6 11
1 81
4 93
7 96
9 84
4 89
7 30
5 96
5 40
1 34
3 70
4 97
2 1
4 82
10 91
10 89
2 51
9 97
4 60
5 23
8 69
3 35
8 91
8 80
10 25
6 98
6 65
1 77
3 49
10 59
2 61
9 31
1 97
6 24
8 33
4 62
6 21
3 94
9 35
6 4
1 33
1 66
3 71
1 67
5 63
2 80
6 75
6 13
5 53
6 91
6 53
3 58
4 77
5 78
7 54
5 79
6 33
9 13
2 72
4 60
8 13
8 74
1 69
5 4
10 11
6 80
7 60
3 6
9 8
2 89
3 43
8 41
5 36
4 88
7 68
8 52
7 87
1 88
1 49
8 60
3 85
10 12
5 64
10 90
1 25
9 94
5 65
10 90
2 88
9 23
5 94
5 47
5 40
2 52
5 91
5 1
9 9
7 3
5 48
10 51
4 53
6 73
10 30
4 47
4 77
5 94
1 61
1 53
5 41
8 92
1 14
1 62
5 40
6 51
7 66
9 85
5 67
2 4
7 31
10 98
4 13
5 37
6 11
2 73
1 35
8 76
9 49
2 69
4 47
6 19
5 80
7 4
6 67
3 88
3 26
10 81
3 56
3 94
1 40
9 70
7 70
5 40
9 42
10 63
1 81
8 41
2 55
2 81
8 24
7 86
5 77
3 74
2 92
3 15
7 55
7 86
2 16
3 8
9 72
5 43
8 51
1 75
10 79
9 53
2 1
1 62
3 3
6 23
3 70
1 76
10 67
3 40
8 66
8 82
3 23
8 95
5 83
9 39
1 60
7 55
10 30
6 11
5 3
3 24
1 26
1 66
7 81
10 38
6 72
10 6
9 17
10 16
9 30
1 53
7 35
4 82
8 10
9 73
2 84
6 5
8 11
3 55
9 56
7 6
9 78
7 35
5 63
2 51
9 22
4 97
4 52
7 47
7 74
3 27
7 82
8 65
1 70
5 80
10 86
5 8
3 47
1 84
3 34
9 64
8 18
9 80
4 51
5 90
1 19
8 39
9 38
10 90
2 47
9 10
1 5
6 42
6 80
10 67
10 9
3 71
10 17
4 91
10 66
3 86
3 28
5 53
1 82
6 27
4 10
9 8
1 47
2 95
4 28
6 89
10 9
6 15
10 60
1 71
1 46
1 13
6 87
9 62
3 0
1 11
10 92
6 31
7 46
5 22
5 91
6 89
5 90
5 47
3 88
1 48
10 58
8 39
2 21
4 65
2 29
10 79
2 11
10 1
4 11
2 48
1 78
8 22
1 50
8 60
7 49
2 89
7 87
7 99
2 67
9 30
4 10
9 24
3 2
6 19
5 61
3 22
7 34
8 22
4 13
6 78
7 57
6 2
10 19
2 61
5 42
9 74
9 5
9 29
6 98
2 16
4 59
4 41
6 8
6 7
8 77
5 39
10 25
4 62
4 82
10 85
9 71
1 34
2 45
4 26
2 25
9 63
4 8
6 92
2 14
6 12
6 27
8 15
6 84
9 54
3 24
9 52
10 79
2 40
6 75
10 100
10 99
3 96
8 37
9 22
9 15
9 28
1 79
8 77
2 44
8 46
5 1
2 78
3 90
5 24
3 76
4 51
4 80
9 77
10 2
9 82
10 83
8 67
8 65
4 3
5 42
10 0
10 20
4 23
6 45
4 41
3 51
1 61
3 46
5 37
2 3
2 3
6 24
4 20
5 6
4 83
7 73
9 46
7 4
2 89
7 71
3 97
2 79
4 70
8 60
7 14
10 41
9 77
8 59
9 76
5 3
3 89
9 100
5 57
7 32
9 37
1 63
1 65
8 54
10 50
2 51
7 15
1 34
5 79
3 77
4 85
1 28
4 54
7 20
1 81
2 93
9 9
2 40
1 96
4 89
8 32
3 49
5 20
10 62
9 2
6 80
2 82
6 60
5 65
1 33
9 82
1 98
7 67
5 48
2 2
1 14
8 20
9 13
4 38
2 45
1 79
9 75
1 12
9 65
7 23
9 80
10 73
1 74
4 33
3 33
9 36
10 56
4 95
5 40
6 18
8 0
9 18
3 67
4 68
7 75
4 51
10 62
2 40
10 99
8 71
8 86
2 96
6 12
2 48
4 35
4 39
7 7
5 68
7 15
5 15
2 24
1 54
6 67
9 9
2 86
5 90
8 10
4 56
4 66
4 1
9 25
7 95
6 5
2 32
3 23
6 67
7 93
6 6
8 93
4 100
4 93
4 36
7 29
10 94
6 75
2 10
9 7
9 27
10 36
7 92
1 57
7 91
5 42
7 34
4 62
2 71
3 21
2 27
7 59
2 56
3 12
8 48
2 2
6 67
4 12
1 92
4 61
1 59
1 37
1 39
9 89
4 7
10 48
4 17
1 80
2 61
7 89
1 73
2 40
5 24
5 64
8 5
10 68
8 71
3 39
8 92
9 32
4 97
1 47
3 76
5 95
8 29
4 16
3 72
7 90
7 0
9 95
10 45
2 74
2 73
6 11
4 30
4 40
9 54
3 50
5 8
10 10
5 29
4 26
1 1
6 35
8 12
6 74
1 26
6 49
4 70
8 41
8 60
4 89
1 84
8 32
1 17
2 87
4 71
6 38
4 8
9 80
2 12
1 15
10 10
5 59
3 64
1 53
9 32
7 5
9 94
3 15
4 45
4 88
6 71
9 52
10 96
6 43
3 65
2 53
5 35
5 51
2 45
10 5
4 79
6 69
6 81
4 83
5 49
2 90
8 4
1 36
4 77
8 54
7 0
9 30
2 82
6 76
3 12
3 88
7 25
8 9
5 70
9 24
10 86
5 61
5 51
4 39
10 48
1 71
2 90
8 9
8 17
1 55
9 86
4 24
3 89
6 96
7 45
4 35
3 53
8 8
10 75
1 93
3 46
7 55
9 44
6 3
4 55
4 85
1 63
7 47
3 17
3 61
7 9
10 80
10 1
1 88
10 33
3 81
6 95
6 97
2 87
10 17
6 52
2 32
7 90
10 49
6 3
2 21
2 27
9 51
6 24
3 99
2 33
8 26
5 1
2 0
9 19
10 21
5 21
9 34
1 34
8 48
6 68
1 41
5 27
3 24
2 2
10 12
8 65
1 34
10 42
5 81
1 8
1 16
5 82
2 31
6 15
1 46
10 55
6 88
9 32
10 84
6 17
1 31
8 67
1 48
3 53
5 51
7 72
5 50
10 79
2 39
9 99
4 65
5 2
6 81
8 54
2 1
1 88
5 52
6 12
1 65
4 4
1 42
1 29
4 23
1 23
10 12
10 35
10 10
10 67
5 41
7 51
10 35
2 85
6 11
1 8
2 57
2 91
9 36
4 0
2 24
3 98
1 25
10 33
3 9
4 4
8 28
9 15
4 38
4 55
4 87
6 60
10 10
1 13
2 66
9 37
6 9
1 95
2 88
5 40
7 59
1 69
1 39
3 96
10 37
10 13
9 3
6 63
6 23
5 63
3 34
9 34
6 69
9 74
6 78
1 62
9 20
4 49
2 97
10 11
4 85
2 24
1 75
4 25
3 47
10 73
4 60
2 46
2 82
9 57
9 52
5 40
7 6
8 32
9 59
4 78
9 11
7 88
6 44
10 97
7 46
3 45
4 45
9 92
7 92
2 60
4 39
6 50
5 92
8 33
10 24
8 26
3 42
6 20
5 76
6 86
1 60
7 38
1 25
5 15
4 36
10 1
8 4
1 12
10 54
7 42
2 58
3 0
5 13
2 6
7 52
7 90
7 25
6 18
7 52
4 52
7 24
9 10
5 21
1 62
3 16
1 14
7 63
2 1
8 17
7 35
10 31
6 80
5 49
7 80
6 55
2 10
3 99
4 88
9 46
2 56
9 21
7 9
10 32
2 29
10 94
3 71
2 69
4 9
4 75
7 55
9 57
9 24
6 19
9 73
2 11
3 12
7 34
1 63
4 99
10 30
4 100
8 46
4 24
4 28
6 91
4 98
7 61
6 6
1 16
5 30
7 62
2 44
10 73
1 0
9 51
5 94
3 28
4 87
2 95
6 24
7 16
7 14
3 93
6 68
9 75
4 15
7 25
7 36
1 76
8 45
9 48
9 30
10 59
5 74
9 41
9 64
10 82
5 3
1 42
5 96
5 77
4 4
9 97
2 64
10 33
4 94
6 69
2 10
9 26
9 100
5 2
6 77
4 91
7 47
6 22
2 99
3 40
3 39
8 46
2 24
6 6
4 11
9 42
10 38
5 67
9 37
1 80
6 92
3 99
1 38
5 33
8 21
3 60
2 57
10 30
2 1
3 49
4 61
8 89
6 63
10 32
8 40
1 19
6 82
6 52
8 98
1 63
1 31
4 86
9 90
6 58
9 10
2 95
5 86
9 9
2 27
5 50
8 68
7 37
8 15
5 99
10 88
9 11
4 41
7 69
5 40
10 51
9 55
4 44
1 94
1 22
7 2
3 40
2 76
10 49
9 76
1 82
8 87
9 50
10 91
2 90
4 32
4 16
8 62
4 5
8 64
8 74
1 7
5 26
10 55
8 15
9 89
8 24
6 66
9 88
3 14
5 85
8 52
6 13
2 29
8 19
1 26
3 58
2 19
8 74
3 74
10 46
10 49
9 90
6 85
3 93
4 13
10 23
6 85
1 52
10 34
7 13
5 66
7 54
1 67
6 48
9 91
9 97
10 50
9 32
8 59
3 78
9 49
7 37
5 21
5 15
5 97
7 42
2 52
5 98
9 83
9 31
4 14
1 74
10 62
1 59
10 57
1 13
5 37
3 41
6 97
9 45
4 22
3 89
6 24
4 79
4 32
5 62
8 46
1 87
5 20
10 20
5 12
8 6
9 23
5 0
2 44
4 93
4 13
3 32
4 31
2 67
7 88
10 29
5 37
3 66
1 31
8 62
3 84
3 0
8 93
9 24
10 53
6 23
4 80
3 14
2 59
7 92
4 20
6 9
7 8
9 49
7 95
1 76
8 26
2 1
10 25
9 55
6 48
5 91
3 22
2 76
8 25
6 3
7 85
9 86
8 30
1 70
5 59
6 67
10 0
1 89
6 8
10 60
6 40
3 19
1 88
10 18
10 28
1 60
1 22
4 95
7 13
10 11
10 19
4 47
3 19
10 41
10 4
1 27
1 6
5 72
3 95
7 41
1 95
9 11
1 43
3 96
1 40
9 59
1 76
10 51
3 62
10 97
3 63
1 43
9 23
2 62
3 69
1 86
6 15
1 26
8 32
7 42
6 8
5 89
10 97
6 37
10 92
9 21
8 100
3 84
2 70
10 42
10 59
1 19
4 18
3 42
4 96
2 27
1 81
1 15
1 92
4 2
3 20
3 20
3 49
3 69
3 40
3 81
10 11
8 95
5 28
7 33
5 85
5 98
1 35
3 17
8 77
3 80
2 8
9 23
10 10
7 62
10 5
7 57
8 90
7 35
1 22
3 66
9 18
4 31
6 89
6 87
4 40
1 89
5 20
7 31
3 11
7 68
4 11
6 63
1 41
5 49
1 50
9 4
2 16
2 73
5 84
5 56
2 25
4 93
3 38
5 3
4 12
10 8
7 92
4 94
5 46
4 37
9 73
1 41
6 100
8 49
3 95
9 52
2 93
4 84
2 20
1 23
8 23
3 78
9 39
1 6
10 47
4 71
1 77
5 54
1 42
5 96
5 94
6 30
8 13
6 65
3 37
1 33
2 61
10 16
6 40
3 99
10 81
7 62
6 0
2 33
3 72
4 54
5 97
6 9
10 29
6 70
9 39
8 51
10 79
2 72
5 15
10 77
4 52
3 16
6 49
7 91
1 91
3 94
1 35
10 81
10 36
1 86
8 77
5 46
1 39
10 52
6 19
4 10
4 57
4 91
10 51
3 81
10 18
9 74
3 79
9 33
8 41
7 99
8 12
2 69
10 61
6 28
3 15
4 91
5 25
7 59
9 4
2 98
4 88
9 67
6 43
1 67
8 46
4 21
1 6
8 31
9 96
1 85
5 52
9 93
9 55
7 89
6 14
6 65
1 73
5 34
9 65
5 15
5 43
2 23
2 15
4 15
6 23
2 77
2 3
7 58
1 83
8 13
6 82
2 65
8 73
8 65
3 98
3 37
5 90
9 62
4 5
2 5
10 15
1 79
6 30
8 59
6 51
5 53
6 27
10 83
7 87
10 65
5 10
7 57
4 68
3 17
10 3
3 15
3 12
2 94
5 58
9 51
2 72
2 67
4 78
6 62
8 88
8 7
8 58
2 35
6 55
1 82
10 73
2 57
5 26
5 0
9 17
7 46
5 25
8 18
5 51
6 27
3 93
6 93
5 85
4 31
9 75
3 63
9 28
9 2
10 48
8 67
2 12
9 99
5 69
2 31
3 74
2 9
6 19
8 75
5 88
6 49
4 41
5 3
7 16
3 74
5 49
8 21
3 18
9 86
4 82
1 29
8 99
4 70
9 20
6 35
9 19
3 39
8 60
8 12
2 30
6 49
1 4
8 44
7 15
3 2
5 6
7 84
7 40
4 59
8 99
4 2
4 22
7 21
9 35
10 75
4 35
2 47
7 35
8 71
1 22
2 70
6 84
9 48
1 53
7 33
1 39
4 7
3 55
10 52
2 11
5 82
3 27
6 2
3 0
2 48
2 14
4 43
10 19
5 49
4 90
5 20
5 5
2 64
7 36
7 41
7 3
10 10
9 10
9 62
10 72
10 80
10 79
7 63
3 27
9 1
1 27
1 41
5 65
5 92
8 74
4 24
6 100
6 77
2 98
2 76
6 27
6 60
3 51
5 42
3 79
2 50
8 55
6 53
4 57
10 96
3 96
2 42
7 3
4 68
1 26
7 21
4 19
6 58
10 25
3 70
9 4
9 32
6 0
10 60
7 94
3 66
6 5
10 50
8 3
6 23
7 76
3 42
4 73
1 52
2 49
7 29
3 30
4 95
5 4
1 63
8 30
5 54
6 66
5 76
10 85
9 94
10 56
6 23
4 23
3 6
5 18
5 96
5 89
5 30
9 4
10 45
6 96
3 54
3 63
7 61
6 71
3 50
5 5
4 24
7 48
5 63
8 52
5 54
5 0
5 4
9 10
2 55
4 3
10 34
7 23
3 53
2 99
5 100
9 28
1 63
1 40
5 11
10 51
5 86
3 17
6 10
9 79
6 16
6 10
6 67
5 82
4 53
1 0
2 48
2 83
1 21
4 29
1 13
4 21
9 68
4 16
3 79
4 46
1 75
2 100
7 46
5 100
8 57
1 12
3 24
7 32
2 100
10 28
7 31
4 73
3 45
8 64
1 32
2 49
10 93
6 4
9 36
9 22
8 18
8 40
6 71
4 27
9 45
5 8
8 53
8 83
4 62
4 37
1 4
8 25
3 5
4 63
10 30
1 13
6 14
9 29
7 79
5 26
4 54
3 53
4 13
6 21
3 17
8 28
1 14
5 37
10 80
2 12
10 47
3 19
6 96
3 69
4 32
9 33
7 73
4 72
7 40
3 88
7 31
7 69
10 28
5 24
1 39
10 15
6 96
4 11
3 45
7 78
10 89
7 45
2 25
1 4
9 85
4 25
5 79
8 75
7 77
7 48
10 19
7 59
5 60
6 69
8 28
4 25
4 93
1 55
7 36
7 42
4 50
6 28
10 63
9 46
10 46
7 21
9 76
1 70
8 30
4 93
4 95
8 91
3 92
5 40
9 69
10 7
5 39
3 58
1 32
1 82
3 84
10 49
3 10
7 74
10 51
7 21
6 98
2 64
10 41
1 86
4 35
4 51
2 56
2 22
10 68
1 95
7 13
5 32
6 3
4 76
4 61
1 3
7 83
5 2
8 81
5 24
3 55
5 52
7 32
10 93
8 83
7 38
7 24
3 29
3 36
3 96
6 41
3 15
7 70
3 40
3 11
1 63
4 17
3 95
9 90
8 50
9 40
8 4
1 44
10 75
4 0
6 63
8 16
3 49
3 91
1 83
5 86
2 73
9 90
4 49
4 87
4 29
2 46
7 31
7 76
5 90
5 24
3 0
4 79
1 20
6 95
10 93
9 60
2 76
9 33
8 48
3 68
5 19
7 51
4 3
9 31
10 92
10 77
4 72
2 39
7 89
9 23
9 35
4 27
7 16
2 32
10 62
4 60
7 6
5 81
8 19
4 67
9 72
3 87
9 98
8 1
8 72
6 46
7 28
4 12
2 3
1 20
1 59
4 70
1 67
9 27
1 73
4 67
9 23
3 48
6 22
7 15
3 100
6 19
1 57
4 62
3 61
4 92
2 67
5 25
9 60
6 56
7 49
1 55
4 54
9 83
6 60
6 39
4 58
5 2
7 55
2 26
1 47
1 75
2 96
8 78
10 73
2 69
7 57
8 86
4 29
4 65
5 12
1 64
2 44
5 95
4 75
6 37
7 21
9 14
10 31
8 4
2 79
1 48
10 98
1 34
2 16
4 38
8 92
6 86
10 77
7 54
4 28
5 80
10 68
3 75
8 46
7 70
4 77
2 88
3 36
7 75
5 14
3 86
10 8
2 48
1 98
9 43
2 83
3 48
3 55
4 40
1 24
2 76
9 48
3 28
6 14
1 41
1 43
6 56
7 62
7 93
4 36
8 82
3 14
1 51
7 29
7 98
1 16
6 77
10 2
1 30
9 29
4 96
3 3
1 22
6 7
1 23
3 86
1 39
2 52
6 34
5 83
4 40
7 54
9 17
1 25
5 31
5 1
5 45
4 88
8 64
6 36
3 73
7 45
5 94
4 36
6 32
7 73
9 14
3 61
5 41
7 58
3 59
6 82
4 29
8 91
1 69
9 0
1 95
1 83
9 9
7 65
9 76
4 13
3 7
9 97
8 12
10 40
5 88
4 14
4 46
8 29
4 35
8 40
5 62
6 77
6 29
3 0
7 23
1 18
8 8
10 5
2 51
3 21
2 23
9 10
3 0
9 58
9 16
8 27
2 62
6 16
7 20
6 42
7 36
6 71
3 84
3 4
4 16
6 72
2 62
10 82
2 27
2 21
2 35
5 37
1 48
1 12
9 66
8 76
10 67
8 67
10 61
8 24
2 36
4 31
3 93
2 79
7 49
7 86
10 11
6 23
10 10
8 78
9 12
2 18
3 66
4 57
7 50
4 70
8 13
6 97
8 90
6 100
5 84
5 1
3 86
8 36
7 63
2 67
1 33
10 98
3 1
5 88
5 97
5 99
2 59
9 44
7 86
3 2
10 45
9 66
2 39
8 80
4 81
8 51
6 58
1 9
5 99
6 85
10 85
3 47
5 57
4 68
2 7
10 74
8 46
2 57
3 59
1 3
10 17
3 15
1 53
2 97
10 7
8 32
7 58
7 65
5 81
9 36
5 35
4 67
3 100
5 62
3 33
4 17
3 95
4 18
6 52
1 27
3 22
3 65
6 42
3 87
3 38
6 7
7 86
6 67
3 44
6 26
8 26
4 94
3 45
10 51
9 88
2 1
8 71
4 22
7 28
4 37
4 3
4 23
3 84
4 55
8 66
1 70
4 86
4 71
3 6
5 68
2 68
6 98
9 70
3 13
5 41
4 27
8 42
5 0
6 14
2 29
3 33
4 52
3 64
4 8
10 69
5 57
6 75
1 29
7 5
10 52
10 56
9 55
6 60
4 58
5 79
6 28
3 63
7 18
9 46
4 42
2 7
7 68
2 82
8 6
7 98
7 17
10 39
2 16
4 100
4 8
8 58
9 10
7 49
10 48
5 30
3 22
3 93
3 29
1 39
7 10
10 79
5 20
5 17
7 55
3 54
10 9
1 61
4 93
4 45
6 4
1 23
3 19
10 22
10 74
1 20
1 67
3 73
4 14
4 71
10 43
8 54
10 89
5 49
8 93
7 80
5 95
1 19
8 22
6 24
8 30
7 26
1 84
3 44
4 36
9 58
8 59
10 14
5 77
7 91
2 85
6 94
8 31
9 5
2 45
1 79
2 89
8 71
5 38
6 34
7 21
9 17
10 67
5 10
7 62
9 40
2 93
3 97
4 6
5 95
9 91
3 66
1 20
8 70
1 70
6 8
1 98
4 84
8 75
2 94
2 24
1 80
6 90
6 77
3 59
2 91
5 71
1 87
7 68
1 17
8 77
10 20
3 72
6 2
4 77
2 57
1 93
7 14
9 73
1 26
9 23
3 28
9 93
2 68
8 21
9 74
7 76
7 36
9 42
2 83
10 80
9 0
1 27
9 23
1 21
4 17
7 90
5 75
8 78
5 100
6 29
8 85
9 52
10 90
7 51
8 3
3 24
8 97
10 49
6 92
4 32
9 53
1 54
10 12
7 98
10 14
7 93
7 9
5 79
6 75
9 80
10 69
8 46
8 12
1 27
4 39
4 63
7 69
9 54
4 47
1 93
7 99
2 30
10 5
1 24
6 4
3 91
5 28
4 24
10 9
5 30
7 39
8 76
5 37
1 96
4 12
2 52
1 29
10 42
3 91
2 9
5 20
6 18
4 51
5 92
2 57
2 61
1 64
1 56
6 89
6 45
1 75
9 55
3 19
5 87
7 56
4 96
10 51
6 57
6 3
6 12
8 3
10 45
10 99
6 0
9 27
10 67
5 4
6 12
8 94
10 85
7 26
7 36
9 67
2 62
1 49
2 52
2 20
1 5
10 30
3 46
3 8
5 89
1 5
2 52
4 19
10 3
3 55
1 45
6 5
2 15
2 92
6 43
10 65
6 42
9 10
2 67
9 25
7 31
5 80
1 91
5 50
4 30
4 15
10 0
10 81
10 65
9 39
3 88
6 42
9 66
1 28
10 15
1 72
9 80
6 2
8 22
1 49
4 45
1 96
9 59
9 52
5 69
8 64
3 42
9 87
3 95
2 86
6 21
3 32
8 66
1 26
7 95
6 34
4 24
5 3
9 88
10 49
4 97
7 9
6 90
7 88
3 7
4 46
6 93
2 80
8 52
10 35
1 61
4 45
7 11
7 49
5 90
6 81
7 52
3 22
5 62
9 96
3 48
8 58
6 97
6 98
1 47
5 46
7 74
7 39
4 37
9 100
6 48
9 3
6 77
