100
3 26000000 6000000 11000000
3 1 11 10
3 68795533 12891046 68795533
3 35615833 35615833 86707634
3 99870198 49920789 49920789
3 78308721 24045153 78308721
3 82558237 82558237 3205590
2 32816508 79232042
3 96775344 2889085 96775344
3 15506418 15506418 67501446
3 22440043 22440043 4034628
3 90311769 7990869 90311769
3 25557596 48951510 25557596
2 41676461 54983367
3 34349627 34349627 58469918
3 19179333 16200106 19179333
3 37818585 37818585 71499774
3 47666256 47666256 36129932
2 22478843 24276931
2 37778823 75058717
3 56493686 38180357 38180357
2 59948333 40193470
3 35704867 35704867 71409734
3 54090036 54090036 406692
2 33798967 67597934
2 21831284 87325136
3 30930695 30930695 61861390
3 84218406 42109203 84218406
2 81126198 27042066
3 2506223 2506223 17543561
2 88681440 739012
3 80643306 80643306 40321653
3 64152845 76983414 64152845
3 84580115 89031700 84580115
2 8607762 17215524
2 22347532 44695064
3 15572656 15572656 11679492
2 54185900 40639425
3 14594882 29189764 14594882
3 36488907 36488907 31276206
2 5446692 8170038
3 52947042 35298028 35298028
3 5638 5637 7895
3 46219 46218 4452
3 4452 337065 5476
3 24856024 10688584 17218264
3 20088478 31823498 61102418
3 10016340 146238 27939264
3 7936172 230804 5099228
3 684890 3122 1982534
3 43972087 6158933 66986407
3 45280933 25730457 15333477
3 18038800 37433164 3240688
3 84054142 68691232 40309894
3 2013954 53089314 29852898
3 36237646 49859731 2527621
3 13200330 35431110 24041160
3 21153890 10830690 1739822
3 2236995 20515587 12260739
3 14218429 30841187 17749887
3 39399131 43415066 19995824
3 67821168 97170276 21063576
3 10240945 75778121 73138225
3 13569836 99716 28510508
3 37828312 68043988 81713332
3 40888883 73085168 9073658
3 9490748 5725238 13609933
3 14341547 13426799 3482603
3 37283358 6105232 22687406
3 40369459 19300654 39188734
3 77543961 48663164 18995372
3 83967900 31450200 7360320
3 1388575 30997738 38170922
3 63696280 6487880 78613610
3 41883474 5429694 54585126
3 26472027 36081357 34758105
3 310044 25872780 25101228
3 47328192 27597336 765096
3 23040006 58820508 51529830
3 403171 6569731 16639564
3 573512 7120019 14750906
3 87785723 79209155 920483
3 32036013 15222237 46192237
3 60077340 48893451 16620266
3 1196480 2083200 193760
3 10795884 20650410 8714574
3 1031886 37482066 17649474
3 22159506 34478886 55414911
3 545996 4620556 5708532
3 46758420 50207280 25092360
3 18081414 28749843 8755101
3 2454477 43356936 95872860
3 12646025 4330319 4478782
3 16944171 11694572 10947328
3 34557230 96172715 52540625
3 43361125 16725733 32498917
3 9556339 11422260 3574269
3 4424865 8248311 1057875
3 71287298 12082538 41113322
3 29406503 72879189 33193956
