50
4 6 4
1 4 2 1
100 10 1
1
5 5 10
2 4 2 3 4 2 1 2 1 3
1 1 1
1
100 2 2
1 2
1000 100 10
4 3 9 1 2 5 6 9 1 10
1 10 10
4 3 4 1 2 5 6 9 1 10
1 10 9
1 1 1 1 1 1 1 1 1
1000 10 9
1 1 1 1 1 1 1 1 1
934 9 10
8 8 8 8 8 8 8 8 8 8
734 3 10
1 2 3 3 2 1 1 2 3 1
345 19 10
10 10 10 10 10 10 10 10 10 10
765 10 10
10 1 10 1 10 1 10 1 10 1
1000 100 10
10 10 10 10 10 10 10 10 10 10
734 20 10
1 2 3 4 5 6 7 8 9 10
631 16 10
10 9 8 7 6 5 4 3 2 1
2 13 7
5 9 3 5 10 3 7
2 6 9
5 4 1 6 6 3 3 5 6
3 14 6
6 7 6 5 1 8
4 13 6
10 9 9 7 8 1
412 10 10
9 8 4 5 9 7 6 7 2 1
931 7 10
4 1 7 7 6 4 6 2 7 3
380 12 10
1 10 8 6 4 9 4 7 5 2
212 14 9
6 3 2 10 6 9 1 7 10
7 28 10
6 5 7 6 2 3 6 2 2 2
9 29 9
3 5 10 7 4 10 3 6 2
8 23 10
4 2 3 9 10 2 4 6 8 1
7 29 9
1 2 2 7 3 8 9 7 7
104 12 9
8 9 9 7 9 7 7 5 9
75 26 9
5 7 7 6 9 9 6 6 7
92 29 8
9 7 8 7 8 7 8 9
153 14 9
8 6 5 5 5 8 7 7 8
294 20 10
5 6 7 8 5 9 7 6 5 9
344 68 10
8 8 8 9 5 8 7 6 6 9
589 64 9
6 9 7 8 8 7 6 7 5
401 37 8
8 9 8 9 7 5 5 8
620 49 10
9 6 6 5 5 7 6 9 6 5
62 12 8
6 8 8 8 6 7 8 6
247 24 6
6 8 6 9 6 7
445 56 8
5 7 5 8 8 6 6 5
354 83 6
6 7 9 9 9 6
488 96 9
6 8 5 6 6 6 7 8 5
750 44 8
6 6 8 6 7 9 9 7
162 43 8
9 6 8 8 9 7 5 8
791 92 6
7 7 7 9 8 5
857 12 8
9 9 6 6 9 5 7 6
252 25 7
7 7 7 7 6 9 5
632 76 6
7 9 8 7 8 8
658 50 7
5 6 6 6 7 5 8
492 80 6
5 6 9 7 5 8
