60
2
10
11
3
001
100
010
4
1110
1100
1100
1000
1
1
39
000000000000000000000000000000000000000
010000000000000000000000000000000000000
000000000000000000000000000000000000000
000000000000000000000000000000000000000
000100000000000000000000000000000000000
000010000000000000000000000000000000000
110100000000000000000000000000000000000
010000100000000000000000000000000000000
011111000000000000000000000000000000000
000100000000000000000000000000000000000
000000000010000000000000000000000000000
000001000000000000000000000000000000000
001000000000000000000000000000000000000
001010000000000000000000000000000000000
010000000000000000000000000000000000000
101111000000000000000000000000000000000
101010111001010000000000000000000000000
010011000000000000000000000000000000000
000001001010100101000000000000000000000
100000000000000000000000000000000000000
010000000000000000000000000000000000000
100101000000000000000000000000000000000
001000100000100110000000000000000000000
010000010010000100000000000000000000000
111011110110101001110010000000000000000
100010000110000000000000000000000000000
000000000000000000000000000000000000000
001000001010000000000000000000000000000
110010100000011010000000000000000000000
011000000000000000000000000000000000000
111101111000000000000000000000000000000
000000000000000000000000000000000000000
010100000010000000000000000000000000000
000000000010000000101000000001000000000
111011100000000000000000000000000000000
110111110010010001001000000001000000000
011111111000000000000000000000000000000
000010000000100000000000000000000000000
110111011111101101110000000000000000000
40
0000000000000000000000000000000000000000
0100000000000000000000000000000000000000
0000000000000000000000000000000000000000
1000000000000000000000000000000000000000
1000000000000000000000000000000000000000
0001000000000000000000000000000000000000
1000000000000000000000000000000000000000
0111000000000000000000000000000000000000
0000000100000000000000000000000000000000
0100010000000000000000000000000000000000
1001000000000000000000000000000000000000
0100111000000000000000000000000000000000
0000000010000000000000000000000000000000
1000000000000000000000000000000000000000
0001110111111000000000000000000000000000
0011010011100100000000000000000000000000
1011110000000000000000000000000000000000
1111111111111011000000000000000000000000
0000001000100000000000000000000000000000
1110111111000000000000000000000000000000
1111101100000000000000000000000000000000
0000010000000000000000000000000000000000
1100100100000000000000000000000000000000
0100000000000000000000000000000000000000
1111111010100111000000000000000000000000
1010011011001001111000000000000000000000
1000101000000000000000000000000000000000
0000000100000000000000000000000000000000
1100001111101110000000000000000000000000
0111110100011011111010111011100000000000
0011100110000000000000000000000000000000
0101000000000100000000000000000000000000
0110110111100000000000000000000000000000
1001010100000000000000000000000000000000
1100101010110010100111110010100000000000
1111101100011110011011101111000000000000
0100001000111000010000000000000000000000
1110010111111011110111111011110000000000
0101000010000000010101000000000000000000
0000000010000000010000000000000000000000
2
01
10
40
0100000000000000000000000000000000000000
0000000000000000000000000000000000000000
0100000000000000000000000000000000000000
0010000000000000000000000000000000000000
1011100000000000000000000000000000000000
0110000000000000000000000000000000000000
0000011000000000000000000000000000000000
1100100000000000000000000000000000000000
0000000000000000000000000000000000000000
0000000000000000000000000000000000000000
0100000000000000000000000000000000000000
1011001111000000000000000000000000000000
1110101110110000000000000000000000000000
1001001111001000000000000000000000000000
0010101110000000000000000000000000000000
0011010001100000000000000000000000000000
1000000000000000000000000000000000000000
0000000000000000000000000000000000000000
1010011010100000000000000000000000000000
0111111110100000000000000000000000000000
0000000100000000000010000000000000000000
0100000000000000000000000000000000000000
1011000110000000000000000000000000000000
0000000000000000000000100000000000000000
0000000100000000000000110000000000000000
0000000001000000000000000000000000000000
0100000000000000000000000000000000000000
1111110010110110100000000000000000000000
0001000000000000000000000000000000000000
0000000000000010000010000000000000000000
1010010101001000000111000001000000000000
0110000000000001100001111010000000000000
0000000000000000000000000001000000000000
0010110000001000000000000000000000000000
1011111110101100111111101000000000000000
1000101100000000000000000000000000000000
0110101111001010101101000000000000000000
0100001101010000000000000100000000000000
0000000000010000000000000000000000000000
1011011011010100000000000000000000000000
20
00000000000000000000
00000000000000000000
00000000000000000000
00000000000000000000
00000000000000000000
00000000000000000000
00000000000000000000
00000000000000000000
00000000000000000000
00000000000000000000
00000000000000000000
00000000000000000000
00000000000000000000
00000000000000000000
00000000000000000000
00000000000000000000
00000000000000000000
00000000000000000000
00000000000000000000
00000000000000000000
1
1
2
10
01
20
10000000000000000000
01000000000000000000
00100000000000000000
10010000000000000000
11101000000000000000
00000100000000000000
11111010000000000000
11111101000000000000
11110110100000000000
00000000010000000000
01000011111000000000
00000000000100000000
11001011110110000000
11011111111111000000
00000000000000100000
00001011101010110000
11111111111110011000
11010001110001001100
11001001011111000010
11111111111001111111
39
100000000000000000000000000000000000000
010000000000000000000000000000000000000
101000000000000000000000000000000000000
001100000000000000000000000000000000000
100010000000000000000000000000000000000
001001000000000000000000000000000000000
101100100000000000000000000000000000000
011111110000000000000000000000000000000
000000001000000000000000000000000000000
000000000100000000000000000000000000000
100010000010000000000000000000000000000
011110110101000000000000000000000000000
011011000101100000000000000000000000000
000100000000110000000000000000000000000
111111111111101000000000000000000000000
001010100110110100000000000000000000000
000000000000000010000000000000000000000
010000001000000001000000000000000000000
010000000000000000100000000000000000000
101111011111111111010000000000000000000
101100011110110000101000000000000000000
000000001101000100111100000000000000000
110111111111111111111110000000000000000
111111011111111111111111000000000000000
000000000000000000000000100000000000000
011111111011111111111110110000000000000
010001101001010000000001111000000000000
111110111111111111111111111100000000000
100000110001000000000011100010000000000
000101100100000000000000000001000000000
011011001100111111110101011111100000000
000001110110101100111111110101110000000
000101001101000110100001100101011000000
000000000000000000000000000000000100000
011110011011111110110110110011111110000
100011011001100110110101110111010111000
100010000000001011001000000111111111100
111111101111110111110101111111111111110
110111111111111011111111111101111111111
40
1000000000000000000000000000000000000000
0100000000000000000000000000000000000000
0110000000000000000000000000000000000000
0001000000000000000000000000000000000000
0000100000000000000000000000000000000000
1001110000000000000000000000000000000000
1011111000000000000000000000000000000000
1100000100000000000000000000000000000000
0000100010000000000000000000000000000000
1000000001000000000000000000000000000000
0000000000100000000000000000000000000000
1000101111110000000000000000000000000000
0110000000001000000000000000000000000000
1111111011111100000000000000000000000000
1110110010001010000000000000000000000000
1001010001000101000000000000000000000000
1101101011011101100000000000000000000000
1111011111110110110000000000000000000000
1010001110000110001000000000000000000000
1111101110111111111100000000000000000000
0011011111010001110010000000000000000000
1110011011001100011011000000000000000000
1111111111111111110111100000000000000000
1111111001100111111111010000000000000000
1110111101110000111111111000000000000000
0010101011010000000100100100000000000000
0000110010000001000000000110000000000000
0000000000000000000000000001000000000000
0101100111011110000111100100100000000000
0011111000110111001010011001110000000000
0010100011101011111100011000011000000000
0111111111100111111111111101111100000000
0010100000100110000010110100011010000000
0100010000100000000010000000001011000000
1100001000110100111010110100110110100000
0000000001000001000000000001000000010000
1000000000011100000010000100011000001000
1111000101101011010110110110000110000100
1010101001000111101011110010100000000110
1111011110111111111111111110111111110111
22
0101000000000000000000
0000000000000100000000
1111111011111001111100
0110001100011000000000
1111101111100110000000
0110000000000000000000
0000000000110000010000
1111001001000000000000
0100000111010000000000
1110100000000000000000
0001000100000000000000
0010000000010101000000
0111110000000000000000
1000000000000000000000
0111100111101100111000
0000000010000000000000
0111011110100000000000
0100000000100000010010
0100000000000000000000
1001001000000000000000
1111111111110111100000
0110101101010111101101
24
100011100100010000000000
010000000000000000000000
100000000000000000000000
100101000011110001001111
111000010100100000000000
100010000000000000000000
011111111100000000000000
100010111001010100100000
100101110111000000000000
100011010000000000000000
001001000000001100000000
001000000000000000000000
111111111010000000000000
100001000000000000000000
101000010101001010111100
010010000000011000000000
101101111111111010011110
000000100000000000000000
111101011000000000000000
110001111111010111000000
000100000000000000000000
111111111111101110000000
100010110010011111011000
101000111101100110110000
23
11011001000010000000000
10000000000000000000000
11110110011000000000000
01100000000000000000000
11011100111011111111000
00000001000000000000000
01110000000000000000000
01001000101001000000000
00000000000000000100000
00100011010100001000000
00111110000000000000000
01001110011110011001100
10100001010000000000000
00000100000000000000000
01000000000000000000000
00001000100000000000000
00111000000000010000000
11111111011011101110110
00101010000100000000000
00010101000000010110000
00100100001001100000000
00001000001001000001101
00001000000000000000000
20
10111111111111000000
11111011110000000000
00101100111101011011
11110101000010000000
10000000000000000000
11111111110111100000
01000000000000000000
00000000000000001000
10000000100000000000
00001010000000000000
00000000001000000000
10100000000000000000
10000000000100000000
10111110111110111100
01101000000000000000
00001110011111000110
11011110110001110000
00000100000000000000
00010000000000000000
01001001000000000000
22
1110111100001110000000
1000010000100100011000
0110000000000000000000
0111101100000000000000
0011010010001000000000
0001000000010000000000
1111100111011001110000
0100000000000000000000
0101100000000000000000
0111011000000000000000
0111101111111100000000
1111111010000000000000
0000000000000000100010
0010101011001111111101
1000010000000000000000
0000000000100000100000
0100100000001111000000
0001000000000000000000
1110111111111101001100
0111000001000000000000
1000101111100000000000
1000000000000000000000
24
110010101100000000000000
001100101001010101011010
100101001110010101101000
100100100110110101001101
000101110000001000100000
111000101101010010110000
110001110000000000000000
000001000000000000000000
000100000000000000000000
110001101000110010000000
100001001000000000000000
000010000000000000000000
100000000000000000000000
101111111111100000000000
001000000000000000000000
111100011110010000000000
111111111101111000000000
100111111111101111111100
011111111101001101000000
110111101110000000000000
101111100000000000000000
010000000000000000000000
111111111111110100000000
001001011111000000000000
20
10101110111110000000
00111111011011100000
11110110100111000000
00000101001010110000
01110000100100000000
00111111111000000000
00001000000000000000
01000000101101000110
01111111010000000000
11011100000000000000
00100100100000001000
00000110000000000000
00001000100000000000
11111101111111111100
00010000000000000000
00100000000000000000
01000000000000000000
00000001000000000000
10000000000000000000
10111111111111111111
20
10000000000000000000
01110111111110000000
11110111111111000000
00100010000000000000
00110000000000000000
00100000000000000000
10011100000000000000
01000000000000000000
11011111111111001011
00000101000000010000
11010111000000000000
00101000000000000000
00000000001000000000
11111111111111001000
11000110000001111100
01000111111101100010
11111111101111100000
01000011101100000000
01100111100000000000
11110000110000000000
21
100000011000011110000
111011110111000000000
000100101110000000000
000000000000000001100
110000000001100100010
001111101101110000000
000100001000100000000
010100000110010100000
001000000000000000000
111001010011100001000
000010010000011000000
110000100000000000000
110111011100000000000
101111011000000000000
000001000000000000000
010000000000000000000
000010010000000000000
000000000000001000011
110100000000000000000
100000000000000000000
110110000000000000000
24
100010111111100110000000
000000000000000000010000
111001100000000000000000
100000000000000000000000
111111111101100000000000
111111111111011111011110
000000000000000001000000
110100010000000000000000
100100010100010000000000
110111111111111111100000
000000000100000000000000
011111111111000000000000
000110111010100100000000
111111011111111000000000
011000000000000000000000
010000000000000000000000
010010000000000000000000
101111111110000000000000
111111111111111111110111
111110100101100011011000
101111111000000000000000
000100000000000000000000
000001000000000000000000
100100000100101001000100
40
0011111111111111101011000000000000000000
0010000001000000000000000000000000100000
0000000000000001001000000010000000000000
1110100000000000000000000000000000000000
0010000100110000000000000000000000000000
1111111111111111110111101011011111000000
0101011100000100000000000000000000000000
1111110110101111110111110111011000000000
0010000000000000000000000000000000000000
1101101111011000011110001101000000000000
0001000011101010001100011100111110000000
0001000000000000001000000000000000000000
0111000000000000000000000000000000000000
0000000100000000000000000000000000000000
1101000001010010000010010100000101101001
1000001000000000000000000000000000000000
1111111111101010000000000000000000000000
1110111111111101001011110111110000000000
1010000110011001100000000000000000000000
0000000000000000001010000000000000000000
1100011000101000000000000000000000000000
1111111101101110010000000000000000000000
0000000000000000000001000000000000010000
0000000000000000000000000000000000000010
1111101111100101011010110101111011111000
0000000001000000000000000000000000000000
1111111110100111111111111000000000000000
0000010000011100010000110100000010110100
1110111111111101111111111100000000000000
1000000000000000000000000000000000000000
1000010001000001010100000000000000000000
0000000000000000010100110000000000000000
0000110100000100100001000101100000000000
1001100110000011011000100000000000000000
0111110000000000000000000000000000000000
0000000101000101000000000000000000000000
0101000010100000000000000000000000000000
0000000000000000000000001000000100000000
0100000000000000000000000000000000000000
0111100010000000000000000000000000000000
40
0000000000000000000000000010000000000000
1100011111011111111110111011110000100000
0111101100101001110000111100000000000000
0010000011001000000000000000000000000000
1010110000000000000000000000000000000000
1001000100000000000000000000000000000000
0011001001010001010100100000000000000000
0001000001100000000000000000000000000000
0010010101110000000000000000000000000000
0000111001000010000000001100100000000000
0000000010101010010000011000000000000000
1000000000000000000000000000000000000000
1000110111100010010100000000000000000000
1000011111000000000000000000000000000000
1110111111111010111111000000000000000000
0111110010010010110011010100110100000000
1110001111111110000000000000000000000000
0010000000001100100101010010011010000000
0111000010000000000000000000000000000000
1010001100000000010000000000000000000000
1001000000000000000000000000000000000000
1000011111100000100000010011110100110010
0000000000000000000010000000000000000000
0000111111011111000000000000000000000000
0100000000000000000000000000000000000000
0100010000100000000010010000010011001000
0000110000000100000000000000000000000000
0100000011000010010000000000010000000000
1110100000000000000000000000000000000000
1111111111011111111111111111111111111100
1100001110000000000010110000000000000000
0000010000000100000100000000001000000000
0001111110001001100100110101000000000000
0100000101001010100101001101000000010000
0000001000000000000000000000000000000000
0000000000000000100000000000010001000000
1000101000110001101000111010001000011111
1010000000000000000000000000000000000000
0011001110110011100000000000000000000000
1111010100011111011000000000000000000000
40
1110111111111111110000000000000000000000
0000000000000000000000010000000000000000
1011110110111111011111111110011110111110
1001000101000001101011100000000000000000
1111110100111111110111001101100000000000
1000000000000000000000000000000000000000
0000000000000101010100001010001101001000
1111111111111011101111011110011111000000
1001111000000000000000000000000000000000
1011100000000000000000000000000000000000
1110100000101111111110111100110111100000
1111111110111111111110000000000000000000
0000000000000000000100000000000000000000
0110111110110000000000000000000000000000
0010000000000000000000000000000000000000
0100001010011001011101101000001110000000
1101000000000000000000000000000000000000
0000100100011011000001001100000000000000
0000000100000000000000000000000000000000
1011010000000000000000000000000000000000
0001001100011111001111111000000000000000
0110000010111011100010000010101000000000
1000000001000000000000000000000000000000
0000100000000010000000000000000000000000
1101111111111100000000000000000000000000
1100110011111101111110101110101110010000
1101111010000000000000000000000000000000
0100001000100000000000000000000000000000
1111011111111111100000000000000000000000
1100011000010100011000000000000000000000
0000000000000000000010001000010000000000
1111111111101011000000000000000000000000
0100000000000000000000000000000000000000
0000100010011000000000000000000000000000
1111110100110111011010001100111011110100
0000000000000000100000010001000000000000
1101001100110000101001001011101000010101
0000000000000000000000000010000000000000
0000111001110010111001000000000000000000
0000000000000000000000001010000100000000
2
01
10
20
00001000010000010001
01110111101111111110
00010011001111001100
00000000000000001000
10001010110000110000
00000000001000100000
11110101011111000000
01001111101110000000
11101110001100000000
00000000001000000000
11111110110000000000
11000010100000000000
01001111000000000000
11011110000000000000
10001100000000000000
00001000000000000000
01110000000000000000
00100000000000000000
01000000000000000000
10000000000000000000
39
100000000100000000110110110000010111011
100000100000001110011111100000110000010
000010000000010100110000101011010000100
000100001101111111100101000010111011000
111110111111101110111011111111111110000
011110001111100111111111110111010100000
000001000000000000000000100000001000000
000000100011010110000010001000110000000
011111111011011100111011101111100000000
111111111111011111111111111111000000000
000110010100010100011101010010000000000
011111111110000110110111001100000000000
111111111011111111110111111000000000000
111001111101010100011100010000000000000
000000000000000000000000100000000000000
100011111111111110010011000000000000000
110111111111011011101110000000000000000
110000001001000000000100000000000000000
000100111100000000001000000000000000000
010010000000000000010000000000000000000
000000000000000000100000000000000000000
101010001000101001000000000000000000000
111101111011001110000000000000000000000
000000000000000100000000000000000000000
111011110001111000000000000000000000000
110100100010110000000000000000000000000
000000000001100000000000000000000000000
111010100011000000000000000000000000000
000000111110000000000000000000000000000
001100110100000000000000000000000000000
100011111000000000000000000000000000000
000010110000000000000000000000000000000
101111100000000000000000000000000000000
111101000000000000000000000000000000000
010110000000000000000000000000000000000
000100000000000000000000000000000000000
001000000000000000000000000000000000000
010000000000000000000000000000000000000
100000000000000000000000000000000000000
40
1010000010000001001100001000000000010011
0011000000110110010110001011101001001010
1111111111101111001111110011011110110100
1111111111101111111111111111110011111000
1111110111111111111111111111111111110000
1100100001001000110101010000101100100000
1101111101110101101100001110110111000000
0100000100101000001101001011011010000000
0000000000001000000000001000000100000000
1111111111101101100111111111111000000000
1011101100001100111011010100010000000000
0000110100100110011010000000100000000000
0111111010111110101010111101000000000000
0101110101110111100111101110000000000000
1111111101110101111111110100000000000000
1111011101011101011101111000000000000000
0001000000000100000000010000000000000000
1000000000000000000000100000000000000000
0100000101001010000001000000000000000000
0000000000000010000010000000000000000000
0000110001010101001100000000000000000000
0110000011001000101000000000000000000000
0011000110100010010000000000000000000000
0000100000100010100000000000000000000000
0100001000001001000000000000000000000000
0000000000000010000000000000000000000000
1110101111011100000000000000000000000000
0000000000011000000000000000000000000000
1010111111010000000000000000000000000000
0111001101100000000000000000000000000000
0010100011000000000000000000000000000000
0100101010000000000000000000000000000000
0000010100000000000000000000000000000000
0000001000000000000000000000000000000000
0000010000000000000000000000000000000000
0000100000000000000000000000000000000000
0111000000000000000000000000000000000000
0010000000000000000000000000000000000000
0100000000000000000000000000000000000000
1000000000000000000000000000000000000000
9
101000000
011011110
010000000
100100000
000000000
100100000
010000000
100000000
101011100
9
101000111
011000000
000010000
100000000
010100000
010111000
010000000
100011110
011100100
9
010000000
011111100
100100000
000000000
010000000
100000000
111010110
000010000
000111010
9
000100000
111010000
000011001
000000000
101000000
000111000
010000000
100000000
111001110
9
101000000
000000000
010111000
010000000
101110110
010000000
000000100
000010000
101011001
9
001110000
101000000
111101000
010000000
000000000
010000000
000001100
000000000
000000101
9
000010100
000100000
010001011
000000010
000010000
010000000
100000000
000000000
011000000
9
010000000
011000000
100000000
111110111
000000000
000000000
000000100
100000000
100010110
9
100000000
010000000
000101010
000111111
100001000
001100000
011010000
010000100
011000000
9
100000000
100000010
000000000
000000000
100000000
000100000
100000000
000010100
000100001
9
111110110
010000000
100000000
011100000
101000000
000000100
011010000
101111000
110100000
9
001000000
010000100
111010000
110100000
100000000
000100000
000000000
000001011
000000000
9
100000000
111111010
010000000
101000000
000000000
100000000
010000000
000000000
100000000
9
010100000
101000000
000000001
110110010
000010000
100000000
100100000
100000000
010000000
9
110011000
101000000
110111000
100000001
100000000
100000000
011110100
010100000
100010000
9
010000000
110101101
110100000
111010000
010000000
000100000
010000000
110111000
100000000
9
000000010
100000000
010000000
000000000
000000000
110111111
101000000
010000000
100000000
9
001011011
011000000
001101100
100000000
000011000
010000000
000000010
000100000
110110000
9
011101110
010010111
000100000
010000000
100000000
011000000
101101000
100000000
000100000
9
000000000
000100000
101000000
000000000
000000000
010000000
001010100
100000000
000000000
40
0000000101000000000010001000000000100000
1111111111100101110000000000000000000000
0000000110011000000000000000000000000000
1101001001010000000000000000000000000000
0000110001000000000000000000000000000000
1111001111101111001000000000000000000000
0110110000000000000000000000000000000000
0110000000000000000000000000000000000000
1011111110100000000000000000000000000000
1000001100101011010000000000000000000000
1101001111110000000000000000000000000000
0100000000000000000000000000000000000000
1000000100000000000000000000000000000000
0010000000000000000000000000000000000000
0010000000000000000000000000000000000000
1000000000000000000000000000000000000000
0010000000000000000000000000000000000000
1011110010000000000000000000000000000000
0000000010010110000000000000000000000000
0010110111110000000000000000000000000000
1011111100000000000000000000000000000000
0100000000000000000000000000000000000000
1011111111101110111110100000000000000000
0000000000000000000001000000000000000000
1101111101111110000000000000000000000000
0100001110000000000000000000000000000000
0000000010000000000000000000000000000000
0100000000000000000000000000000000000000
0001000000000000000000000000000000000000
0010100000000000000000000000000000000000
0001000100000000000000000000000000000000
0010101000000000000000000000000000000000
1000000000000000000000000000000000000000
0011000000000000000000000000000000000000
0100000000000000000000000000000000000000
1000000001000000000000000000000000000000
1111111011100000000000000000000000000000
0000000010010000000000000001000010001000
0000000000000000000000000000001000000000
1010010000000000000000000000000000000000
40
0000100000000000000000000000000000000000
1001000000000000000000000000000000000000
1111111101111010000000000000000000000000
1010000000000000000000000000000000000000
1000000000000000000000000000000000000000
1010000000000000000000000000000000000000
0100000011100100001101000000000000000000
1001100000000000000000000000000000000000
1100100000100011100000000000000000000000
1001000000000000000000000000000000000000
1111011111111111111101111111100000000000
0000001100010000010001000000100000000000
1110110100000000000000000000000000000000
1000000000000000000000000000000000000000
1111111000101000000000000000000000000000
1000000000000000000000000000000000000000
0000100000000000000000000000000000000000
0000000000000000000010000000000000000000
0000100000000000000000000000000000000000
1010101111111111000000000000000000000000
0010000000000000000000000000000000000000
1000000000000000000000000000000000000000
0010000000000000000000000000000000000000
1001000110100000000000000000000000000000
0111111101111111111111111111111111100000
1011110111111011110111100000000000000000
1011011011101011100000000000000000000000
0111110010100011011110011100111000000000
0010000000000000000000000000000000000000
1110010110110111011011010101000000000000
1011111000000000000000000000000000000000
1000000000000000000000000000000000000000
1101000100000000000000000000000000000000
0110101000011111101010000000000000000000
1001111101000000000000000000000000000000
1110110000000000000000000000000000000000
1000000000000000000000000000000000000000
0001000000000000000000000000000000000000
1100111101111100000000000000000000000000
1000000000000000000000000000000000000000
40
0000001000000000000000000000000000000000
0001100010000101110000000000000000000000
0010100000000000000000000000000000000000
0110000000000000000000000000000000000000
1101011110110110101100000000000000000000
1000010101001000110000000000000000000000
0010000000000000000000000000000000000000
0000101100000000000000000000000000000000
1000000000000000000000000000000000000000
1110111100000000000000000000000000000000
1000001010000000000000000000000000000000
1110100000000000000000000000000000000000
0011010000000000000000000000000000000000
0010000010011100010000101000000000000000
0111111111101111111000000000000000000000
1111110111111111000000000000000000000000
0100000000000000000000000000000000000000
1001011000000000000000000000000000000000
1000000000000000000000000000000000000000
0001100000000000000000000000000000000000
1111101110000000000000000000000000000000
0100100001011000000000000000000000000000
1110101101000000000000000000000000000000
1010111111011000000000000000000000000000
1111111101111111000000000000000000000000
1000000000000000000000000000000000000000
0111101111000110000000000000000000000000
0001000000000000000000000000000000000000
0100000000000000000000000000000000000000
1100110110001111001101111111111010000000
0000111000000000000000000000000000000000
0000000100000000000000000000000000000000
1111010010110000000000000000000000000000
1010101000001100010000000000000000000000
0000000000000001100000000000100000000000
1111111111111110111101110011101100000000
0000000000000100000000000000000000000000
0111110111000000000000000000000000000000
1000000000000000000000000000000000000000
1010000000000000000000000000000000000000
40
1100000001000000000000000000000000000000
1001111110000000000000000000000000000000
1001010000000000000000000000000000000000
1111111111101101111000011011111100000000
0100000000000000000000000000000000000000
0000000000000100000000000000000000000000
1101111111111111001110110000000000000000
0000000010000000000000000000000000000000
0001000000000000000000000000000000000000
1001010101110000000000000000000000000000
0010000000110000001001000101100000000000
0100000000000000000000000000000000000000
0000000000010000000000000000000000000000
1000000000000000000000000000000000000000
0110011000000000000000000000000000000000
0000010000000000000000000000000000000000
0010100000000000000000000000000000000000
0100100001010100000000000000000000000000
1100100100110000000000000000000000000000
0010011001000011000000100000000000000000
1111001111000000000000000000000000000000
1000000000000000000000000000000000000000
1111111111111110011100000000000000000000
1000000000000000000000000000000000000000
0000000010010000000000000000000000000000
0011000000000000000000000000000000000000
0001100110100000000000000000000000000000
0100000000000000000000000000000000000000
1011111011100000000000000000000000000000
1000000000000000000000000000000000000000
0011100010000000000000000000000000000000
0111111111111111111111111010000000000000
0010000000000000000000000000000000000000
0000110111101111110101100000000011010000
1111111011111000000000000000000000000000
0010100000000000000000000000000000000000
1010000000000000000000000000000000000000
0001000000000000000000000000000000000000
1001111100111000000000000000000000000000
1111011110100000000000000000000000000000
40
0111000000000000000000000000000000000000
1011111111111000000000000000000000000000
0010101100110010000000000000000000000000
1011110011000001000010010100110101000000
0100000000000000000000000000000000000000
1111111111111111110111111111111000000000
1000000000000000000000000000000000000000
0111011000000000000000000000000000000000
1101010000000000000000000000000000000000
0100000000000000000000000000000000000000
1110111101111111110000000000000000000000
1000010100000000000000000000000000000000
0001000000000000000000000000000000000000
0100000000000000000000000000000000000000
0110110000000000000000000000000000000000
0100110000000010000000000000000000000000
1000000000000000000000000000000000000000
0011111010000000000000000000000000000000
0100000000000000000000000000000000000000
0100011101110101001101000000000000000000
0100000000000000000000000000000000000000
1010100001111111100000000000000000000000
0101100000000000000000000000000000000000
1011000000000000000000000000000000000000
0011010001110000000010000000000000000000
0000011000001101100001010100000000000000
1000000000000000000000000000000000000000
0000001011100101000101000000000000000000
1111101000000000000000000000000000000000
1000000000000000000000000000000000000000
0010101011000000000000000000000000000000
0011011100010011010000000000000000000000
0111100000000000000000000000000000000000
0100000000000000000000000000000000000000
0000011010000000000000000000000000000000
0011000000000000000000000000000000000000
0110000110110001100101000000000000000000
1000000000000000000000000000000000000000
0100000000000000000000000000000000000000
1000000000000000000000000000000000000000
40
1011100000000000000000000000000000000000
0000000000010000000000000000000000000000
0000100000000000000000000000000000000000
0000010010100000000000000000000000000000
0000000100000000000000000000000000000000
1011111111100000000000000000000000000000
1001110000011111101001000100110000000000
1110001000000000000000000000000000000000
1011111100000000000000000000000000000000
1000000000000000000000000000000000000000
1010011001101000000000000000000000000000
0000100000000010000000000000000000000000
1101111011000000000000000000000000000000
1111110101100110101000000000000000000000
0100000000000000000000000000000000000000
0000000000000001000000000000000000000000
1111011110111011111111000000000000000000
1000000000000000000000000000000000000000
0000011000000000000000000000000000000000
0011000000000000000000000000000000000000
1010000000000000000000000000000000000000
0101000000000000000000000000000000000000
1011110110000000000000000000000000000000
1111101011110101111110100000000000000000
0100110010000000000000000000000000000000
1000101011111100000000000000000000000000
0111111111111111111111000000000000000000
1000000000000000000000000000000000000000
0100000000000000000000000000000000000000
0100000000000000000000000000000000000000
0000010001000000000000000000000000000000
1000000000000000000000000000000000000000
0111111010011111100000000000000000000000
1010101111110110000000000000000000000000
1101000100000000000000000000000000000000
1000000000000000000000000000000000000000
1011110000000000000000000000000000000000
0100100000111001011000010010001100000000
0000100000000000000000000000000000000000
1001011100000000000000000000000000000000
40
1111101111111000000000000000000000000000
0000001000000000000000000000000000000000
1111111111111111111110100110000000000000
0101000000000000000000000000000000000000
0000000000000001001000010100000000000000
0100000000000000000000000000000000000000
0001000000000000000000000000000000000000
0100000000000000000000000000000000000000
0000010000000000000000000000000000000000
1101000000000000000000000000000000000000
0100000000000000000000000000000000000000
1000000000000000000000000000000000000000
0001000000000000000000000000000000000000
1000000000000000000000000000000000000000
0101000000000110111000000000000000000000
0010010000000000000000000000000000000000
0111111000000000000000000000000000000000
0001010000000000000000000000000000000000
0011110011111111011000000000000000000000
1001000000000000000000000000000000000000
0100000000000000000000000000000000000000
0101000010000000000000000000000000000000
0001000000100000000000000000000000000000
1000000000000000000000000000000000000000
1100101100110111100000000000000000000000
0000000000110011010000000000000000000000
0000010001011000000000000000000000000000
1111100110000000000000000000000000000000
0000001000000000000000000000000000000000
1000000000000000000000000000000000000000
0000000000000000010000000000000000000000
0001111101101010010010100000000000000000
0001010100000000000000000000000000000000
0000100000001000000000000000000000000000
0010000000000000000000000000000000000000
0110000000000000000000000000000000000000
0001100110010000000000000000000000000000
0100000000001000000000000000000000000000
1110110111100000000000000000000000000000
0100000000000000000000000000000000000000
40
1010000000001110100110000000000000000000
1101010100000000000111000111110000001000
0111100000000000000000000000000000000000
1101011001001010000000000000000000000000
1000000000000000000000000000000000000000
1000000000000000000000000000000000000000
0101000000000000000000000000000000000000
0100000000000000000000000000000000000000
1011011000000000000000000000000000000000
0000001000000000000000000000000000000000
1111111111111111111111111111101111110000
1101000000000000000000000000000000000000
1111111111111011000000000000000000000000
0000000010000000000000000000000000000000
1110110110100000000000000000000000000000
0001000000000000000000000000000000000000
0000101000000010000001010000000000000000
0100000000000000000000000000000000000000
0100000000000000000000000000000000000000
0100111001010011001111011000000000000000
0110000000000000000000000000000000000000
1101000000000000000000000000000000000000
0001110000000000000000000000000000000000
1010000000000000000000000000000000000000
1000000000000000000000000000000000000000
1101001101110100010011100000000000000000
0100010000000100100000000000000000000000
0100000000000000000000000000000000000000
0001100000000000000000000000000000000000
0010011000000000001001100000000000000000
0101001010000000000000000000000000000000
1000000000000000000000000000000000000000
0000000000100000000000000000000000000000
0000001000000000000000000000000000000000
0011001000000000000000000000000000000000
1010000000000000000000000000000000000000
0100000000000000000000000000000000000000
1011000100111011000000000000000000000000
0110101100001000000000000000000000000000
0100000000000000000000000000000000000000
40
0000000000000000000001000000000000000000
0010000000000000000000000000000000000000
0111011110101100000000000000000000000000
0000000000000000000000000010000000000000
0001010100101101011101000000000000000000
0000000000010000000000000000000000000000
1000000000000000000000000000000000000000
0100100000000000000000000000000000000000
1011011111100000000000000000000000000000
0100000000000000000000000000000000000000
1000000000000000000000000000000000000000
0010000010011100001000000000000000000000
1001101100000000000000000000000000000000
0000111000000000000000000000000000000000
0100000000000000000000000000000000000000
1011110010111110010001011111100000000000
0000000100000000000000000000000000000000
0000010000000000000000000000000000000000
1101000000000000000000000000000000000000
0100000000000000000000000000000000000000
1000000000000000000000000000000000000000
0001000010000000000000000000000000000000
1001001101011011100010000000000000000000
1101110101001010001100110100100000000000
1111101010111101011111000000000000000000
1110111001000000000000000000000000000000
0000110100000000000000000000000000000000
0010100000000000000000000000000000000000
0000100000000000000000000000000000000000
0100010110001111100101110010101000000000
0010000000000000000000000000000000000000
0100000000000000000000000000000000000000
1001111101101111111000111011001111001000
0010001100001110001000101001000000000000
0010000000000000000000000000000000000000
0000100000000000000000000000000000000000
1001111110000011110111000000000000000000
0010001110000000000011000000000000000000
1111100111101010000000000000000000000000
0000000000001000000000000000000000000000
