60
2
10
11
3
001
100
010
4
1110
1100
1100
1000
1
0
7
1000000
1000000
0100000
0001000
0110000
1101110
0000000
8
10000000
01000000
00100000
01100000
00000000
10000000
10000000
10001000
2
01
00
8
10000000
00100000
10000000
01100000
01000000
10110100
01000000
00001000
4
0000
0000
0000
0000
1
1
2
10
01
4
1000
0100
1010
1001
7
1000000
0100000
1010000
1001000
0110100
1100110
0111011
8
10000000
01000000
00100000
00110000
01101000
11010100
11000110
00000001
8
10000000
01000000
11011000
11000110
10000101
00010000
00100000
11110100
4
1000
0100
0011
0010
5
01111
10000
10010
01100
01000
5
01000
01100
01010
11011
10000
7
1101110
1000000
0001000
1000100
1111011
0100000
1010000
8
01000000
10110000
01010011
00111000
00100100
10100000
10000000
01010110
4
0100
1000
0010
0111
4
1000
0110
0111
0100
6
101000
110100
100000
010110
010000
010001
6
100000
001000
010000
010100
001010
110111
8
00000001
10000000
01000000
10001000
00100000
00010000
01101010
11110100
8
10011110
10101000
11010000
01000000
01100000
10000000
11011100
01101111
8
00010000
01000000
10000000
00100101
00100100
01100000
00011000
00110010
2
01
10
4
1001
1010
0100
1000
7
0000001
1011010
1100100
1101000
1010000
0100000
1000000
8
01111001
11011110
01101100
11101000
11010000
10100000
01000000
10000000
8
00010000
00100000
11010000
01000000
00000001
00001000
00000000
10000000
8
10011000
01000000
11010000
01000101
01000010
00100000
10000000
11001100
8
10000000
11011010
00100000
00110000
01111100
11001011
10001000
01000000
8
00001000
00010000
00000010
01000000
01100000
00000001
10000000
01000000
8
10000000
00001100
11111010
10110000
00001000
00100000
00010011
00000000
8
00010000
10000000
01011000
10111110
01010000
00100000
00010000
01000000
8
00101000
01000000
01000000
00100000
01001010
10010000
10000000
00100000
8
10000000
00100000
00000000
01000000
00000010
10000000
11100100
00000000
8
00100000
10100100
10000000
00111010
01000000
10110000
00000001
10111000
8
10000000
00000010
01000000
00000100
00010000
00100000
00001000
10000101
8
11000110
00100000
10001000
10000000
01000000
10100000
11101100
00000001
8
10000000
00000010
00010000
01100000
11011000
11110111
10010100
01000000
8
00000000
01011100
10111001
00100000
01110000
00000010
10000000
01011000
8
01100000
10011111
10100110
01101100
00010000
01000000
10111000
10000000
8
00000100
00100001
11010010
10000000
10001000
01000000
00100000
01010000
8
00100000
00010000
00000010
00000000
10000000
10000000
00000000
01000000
8
10000000
11100010
01000100
00001011
10100000
00110000
01000000
00001000
8
00000100
01001011
01100000
00001000
00010000
01000000
11100010
10000000
8
00100000
01010000
01000000
00000010
00100000
01001000
10000000
10010111
8
10001111
00110000
00111100
00001000
01111000
10000000
01000000
00100000
8
10000000
10011110
00101101
01000000
00100000
01100000
00001000
01000000
8
00101000
10101100
01000001
01100000
10110000
01000000
00101110
10000000
8
10000000
10111100
10011110
01111000
00000000
00010000
00100000
10000000
8
01000000
11011100
01000000
10000000
01000110
00101000
10011011
10110000
8
00100000
11000100
00000000
00000011
10000000
11000010
01000000
10010000
8
00000010
10000000
10111111
00001000
00010000
11010000
01000000
00100000
8
00010010
00010100
01110000
10000000
00000001
11101000
01100000
01000000
8
10111101
01000000
10000000
01000000
01100110
00110000
00000100
10100000
8
01101100
01100000
01000000
11010000
10110110
10000000
00001000
01000001
