100
5
1 2 3 4 5
3
3 5 6
2
5 6
2
5 5
1000
448268 454396 944847 721975 809917 88802 409614 587650 465608 134185 419541 467823 927294 892289 256460 742881 259457 398765 84981 346841 623160 713311 597171 768928 440912 732413 192425 174766 395658 812927 258570 743432 394104 55051 271044 540027 235012 211107 883986 497398 315525 399979 197555 646236 378168 434275 151152 443268 77153 152480 618952 547594 542700 513325 634806 123623 944756 878096 60272 475507 794974 812253 42562 627337 256667 147810 214119 552047 655160 535352 44379 434424 913077 13127 362684 342893 463846 180972 94020 542493 292471 131157 230529 38758 160444 253573 898789 801188 502899 92975 305716 74147 309783 164087 801085 557357 153573 808866 350140 165238 502865 348128 775620 547459 226799 197049 769997 276338 210086 649941 661088 378551 363827 685475 960695 830503 580257 447259 357479 612868 5600 813177 504428 15707 752442 562651 176947 480329 565228 512527 857499 427597 118772 159622 754936 872826 403958 495743 826822 635793 372780 535479 660814 677529 563374 33567 945242 895734 44132 822941 560596 954926 808644 662423 160654 621453 231475 837627 623810 768405 917055 92687 648138 808091 140397 733551 819052 364027 272213 796071 917622 116315 763962 699045 110739 712813 543450 190478 343761 31937 742574 627117 18237 212322 878898 215456 371359 230603 53855 46203 391108 359142 603098 191787 446713 457362 92164 125858 113020 330963 139675 570039 641964 739293 248001 250813 900323 459186 548270 739501 569775 81336 618999 477687 6315 22848 600736 359588 571579 909900 279352 999268 417848 326602 43284 420675 87433 386133 211006 778640 65232 69276 829296 358462 317853 418460 723867 593340 655199 937803 558403 808416 590222 232985 277093 967909 756348 528994 668312 20128 102075 520375 799947 537781 427117 938508 186674 25171 489817 887043 975272 929954 483277 279000 14781 924169 284735 804925 570540 540820 562116 67623 218094 263131 231930 865387 270824 710681 585851 683004 179661 767155 665313 579509 856379 203379 429265 145520 179076 832396 573068 415477 148783 222189 379213 995329 695684 641078 546728 569913 394777 390504 742578 410555 733629 501050 72243 936701 475681 532342 976750 546650 328317 171520 805816 743385 590629 981348 128714 269204 674166 952831 778559 867769 182948 430125 860735 460312 488847 831197 155347 748282 524599 589666 714323 689352 977493 336700 372112 759361 475483 479574 637288 585185 765454 622330 250127 214906 440364 106556 798288 323890 55059 911160 818588 767549 359618 346443 560862 792295 352872 982623 571702 62011 306320 226916 427197 379746 84461 842981 421186 917628 843650 239839 483569 61061 81286 633778 566601 288186 638390 27115 708526 342612 899406 434232 701464 113701 539249 472452 676603 175341 881836 916043 942606 570823 167757 407207 296594 251045 480480 583070 503024 252477 182560 200656 137505 473897 318573 875200 140957 429468 539987 886579 978553 759563 550955 570084 212404 284733 642048 816528 659386 532737 51501 382236 291380 708379 660058 111788 514785 589706 363897 792709 803191 202472 555873 733438 316104 288933 670803 153436 51599 600305 470141 961481 717842 704008 98257 214876 825607 401149 219938 729855 382684 50810 558694 628038 95641 494976 320436 560642 499888 925530 149979 540216 554789 22995 84800 586406 568402 941672 376622 803403 771205 60782 299509 195386 344222 669643 666021 705640 520372 226940 778544 625224 343296 900176 917550 259799 821165 933191 556917 254239 184084 208838 161820 272717 805406 606364 72688 951793 858571 100706 298064 853623 574830 782804 622736 243114 430927 889939 7846 986082 975412 962900 313394 321738 340357 205340 229602 521019 666676 248836 925315 769914 371232 217664 281069 893474 277174 677414 100843 125832 837333 410090 149842 186566 619530 226194 90448 637974 699640 729101 472109 250552 725604 882532 89972 648563 777876 622063 676354 815316 433821 346292 575203 410388 442383 979216 714348 973444 959721 461254 627390 341942 36775 172281 19500 355642 837477 471712 940259 505777 308870 474253 939285 105376 736185 560994 161807 786649 836674 497698 48796 904778 427514 989247 615982 980124 505956 723231 134381 24842 662412 683495 129096 603629 889257 241360 699677 317248 243993 782992 589417 782960 178420 208378 308810 391971 970990 948083 267875 304248 983111 729314 366901 571475 267488 900202 455080 481420 196123 406883 194222 253000 850633 612372 301133 118890 265180 974665 704243 172194 748135 774698 30678 790193 698138 117933 595179 428907 797895 412173 429049 34657 131797 163925 513558 675627 54632 708698 111913 787500 796859 773879 908958 402494 39110 893274 969680 908441 342487 607459 551679 893543 244328 647836 574216 499230 396027 286969 680862 520548 692354 787243 371961 59501 354246 477322 8214 500905 577246 927766 960014 104828 425453 170367 22495 928861 155603 927764 271363 70303 259594 117103 807231 438125 271349 968584 525624 781603 280087 880729 627825 823635 63271 252091 708513 722477 373479 110190 754535 547235 537284 555812 316729 50912 877280 820241 275322 670136 53515 577484 988323 845742 74358 448319 820303 69763 252317 890273 864122 319814 463919 42540 331900 110488 766084 429571 494605 2573 394742 28229 310711 820315 428797 482044 734861 540374 330538 97739 56761 483034 698851 222885 117649 102277 359067 440213 342366 288639 248055 454947 830848 758264 258863 984725 436649 504984 541396 910039 288834 716689 440194 500041 90678 435090 203313 221002 672901 630209 748123 89735 643022 377140 313960 167315 518047 425452 401234 842219 944535 492014 33057 819294 927697 42445 184539 398203 608739 596639 277821 23084 13148 678503 169622 643164 587015 273355 162109 390336 563265 680841 337579 882883 311987 382222 540783 975509 690433 162103 253095 475606 429426 44116 257903 82127 654236 458839 674550 251018 668643 280203 189918 19864 944007 367575 897391 293211 814746 925985 806838 296086 145389 875225 928262 805471 990283 982115 941482 717913 923689 409680 292142 763894 212840 998906 857732 293081 592836 184472 203145 28679 470783 624082 621320 223946 796869 227217 705958 133636 48821 238993 165840 199662 526076 384585 87766 72402 458581 907843 773163 84814 73042 636810 685354 753923 6359 570841 119351 6098 266358 204080 149279 751164 705812 350733 63086 625910 421906 780660 195532 72607 307518 816915 827172 202961 462121 696145 968413 437095 64168 7138 960227 625847 37566 698329 72903 875618 661981 880838 784121 815100 206897 831163 426254 842622 740093 286149 994448 598892 703985 110235 41937 244420 547418 794375 473774 13372 726727 497000 12642 841949 128021 987371 847331 651908 130006 647670 609221 18740 651143 628748 213172 172073 540555 165347 593068 949535 147750 512234 486009 240219 377456 127544 914362 726950 819440 558376 643217 819953 882343 658234 118747 103480 801024 87372 154731 37228 111902 353955 65680 841879 677734 922461 870730 365002 952784 281630 421703 960418 696171 926829 444775 910742 281196 637585 942952 903281
1000
418818 391119 307763 119530 13426 340262 513177 958728 149541 88876 300702 590312 277278 420899 444536 446744 840945 693945 709645 556865 940736 210814 417931 558205 358980 887880 491559 40696 688359 455063 472493 378819 155580 656740 828778 26713 342859 663023 607442 514375 486454 905110 146306 670792 851768 327537 177933 636237 12770 368353 871520 690662 319381 887130 459060 245911 6158 665581 401186 615270 150382 918387 954061 822205 31295 844381 281915 300923 469534 524631 832761 893201 139958 509204 649810 685776 936959 970493 745710 804091 140737 63687 180843 657436 351731 92354 867294 664975 791179 417247 134491 484541 446735 529616 13574 510555 373238 423831 913711 232529 389796 96664 804489 196972 265989 474471 848759 365938 268143 725097 690135 82122 478890 353894 235811 687251 239089 709603 216023 345913 681475 401626 269777 199294 511154 787081 433507 413228 546989 506725 566488 38146 49113 932850 822649 28371 120935 500638 367279 55525 842329 671401 186217 361257 884676 110757 484588 204547 707895 100284 165391 420605 948060 938449 959186 789447 334641 855739 229908 646841 713878 83797 984374 246250 128889 560723 401960 879272 856850 128591 444432 345447 727796 508828 891412 662476 715093 83241 410308 97622 233997 165993 243493 812366 177504 842624 650979 165524 289312 967984 913613 857105 838104 155396 756416 715662 4194 426148 679147 824560 226299 38096 388296 49079 880052 75093 365882 243602 195148 909893 385837 651335 568871 373445 713188 593891 867878 634020 431680 913938 219229 849291 115086 555019 37925 433817 220297 517159 518704 869379 819137 204854 382209 941037 825140 955347 291986 112122 586544 483298 493292 925177 938781 229225 644860 25699 777836 146538 333050 426235 707310 556874 850443 685359 353039 276937 390141 215703 567132 392570 436050 349921 812430 693414 368124 604915 882945 191978 328222 548449 180889 29872 783312 576888 675189 733433 334466 265818 653875 514164 935032 94969 113124 731931 116481 731863 480189 367840 117537 982385 367573 2057 451467 770228 412532 858278 22849 212590 144957 784194 368206 461820 528685 301359 216009 534890 970528 387522 833380 53793 104391 605259 846178 417915 611881 840527 910639 599580 956323 804262 694585 64170 444292 447818 916146 217100 567764 423088 479606 537519 201231 676856 174419 322302 91303 817937 870471 248371 617178 137758 652874 172618 819362 916419 22997 301334 247610 655308 71425 710908 477977 194404 903518 356819 369720 92427 588237 976423 627626 90465 287301 86408 324438 84794 855609 421449 279609 506062 841714 704557 153732 640264 965693 227224 522448 808748 814231 406255 945429 602527 349737 232269 149142 666183 320314 665392 160154 832435 864412 214917 592690 625551 811998 582540 715672 346288 471657 25357 960628 372938 181619 544732 416616 309068 127404 513207 615837 909747 29083 379865 180549 95844 488345 286811 839621 490071 432308 452351 584430 104475 923988 728833 762393 544321 320857 885778 920523 658814 958977 780265 189914 754342 37197 234045 429 922659 55906 364279 765458 487795 717009 948741 886144 122944 612913 116042 966824 313867 966457 305950 860821 602403 942049 860271 578047 575291 174579 125318 992930 456957 576650 384140 581712 262764 93016 298566 107889 572692 906401 509917 857238 122731 241207 875818 347696 589810 16488 80624 360972 379552 379353 368460 620968 707661 433741 153104 430076 508254 580408 450417 749015 395500 524000 698095 729224 831914 625318 763408 658739 287906 400556 743686 395493 698155 178936 280758 723997 27430 735552 64425 800520 238213 64047 85805 162637 757344 635477 408769 724677 855473 656059 642247 863692 674610 433253 693117 83986 994658 347825 52818 709337 377809 86916 309158 682089 402078 509136 235225 223765 374709 39811 99932 607818 179705 920482 741127 121589 545626 530179 161829 964622 614942 667920 271902 932935 390591 218158 544776 829051 218334 14384 545105 425373 841987 905136 314331 542915 233715 679326 654262 336634 409292 425605 589936 742131 497384 626214 385130 979104 622208 877578 13187 740144 774996 825568 452172 199680 81252 836085 656035 819425 914981 756818 512072 924905 444297 812478 662012 821020 295992 938769 789665 496559 243251 498767 189964 746867 7085 608089 159424 240263 931970 907748 92826 502481 951892 658336 665872 7790 864988 449458 699943 954776 258088 390284 675194 633834 71937 299743 224292 393361 878629 206270 643007 753709 276739 838005 693140 669231 522863 813642 265670 427244 211928 355691 644578 863738 855075 391585 618730 10962 980959 192315 246356 761386 917822 935336 687015 997577 965327 872373 276678 91458 415971 589034 724069 988108 510277 540507 881017 951051 233972 383857 602949 261885 642179 757300 572695 800975 323857 417681 3525 786905 946741 450246 880622 673999 377244 2876 245381 989122 493406 973259 846124 633974 544795 323298 475657 67913 487821 185364 64082 940356 128480 728885 164480 264092 386534 492649 349890 6703 311145 87592 700940 194429 910497 982758 913531 894969 988572 509329 152458 545692 18670 359679 482927 408926 871888 374496 807210 950484 734073 489637 8223 222927 521120 35747 76217 185614 74508 125159 982834 449399 800001 18696 586330 569051 981530 512715 124675 554381 398345 606158 255087 363451 663815 882971 610089 286290 27404 612808 812610 392261 520944 314440 337470 548345 592102 342988 304904 436897 687470 125021 396229 269591 388675 191475 722537 66719 500618 555872 7144 893229 986248 562684 383378 86306 502289 153618 278928 389565 29183 83099 207021 374412 390380 916185 779112 703813 591153 482334 961674 509332 869272 476495 828845 952077 126846 591856 318719 10069 303422 343921 659929 168270 485807 788513 153033 521410 745131 961466 700863 280117 371735 487203 31895 78054 592976 804325 322334 354962 298587 50005 332369 608872 802283 724228 232706 903437 609886 491730 562884 926965 403929 35564 459421 703056 761954 761979 804870 921487 284491 526998 438060 861383 786729 659518 469393 276232 164341 394905 447679 23106 982617 927193 768403 594077 835431 465946 320040 83262 757650 426988 162657 666221 826920 445867 855918 811639 914028 350296 951265 306258 40565 377709 871315 226463 461524 39642 118313 733425 635941 287974 152340 159142 96025 270242 48747 5022 600547 739151 805720 374813 326215 663094 319813 929372 325137 432163 81513 771888 326320 59535 84921 857603 106320 811930 679325 2748 240850 867906 592143 563566 251097 162100 167939 684755 564931 742024 308969 494708 102525 275125 502317 638533 917799 74703 843948 738777 704995 328050 283867 443519 150168 336537 481703 699609 22798 112027 681588 659321 979651 281303 993524 736856 496606 38226 461870 880344 998532 645229 903966 767496 344225 412740 829419 596932 661976 588025 401770 998342 869094 382044 446554 373004 327954 563912 563261 429878 937090 198676 899451 8734 378556 45557 122622 694527 389985 43145 246360 121696 147274 544510 581576 179980 772218 316501 927245 765248 886742
138
230761 978404 453036 505411 946694 205536 455684 251851 771221 756379 80533 88250 941951 450486 570358 604386 549503 970259 808680 538215 345514 274637 412206 389133 750260 726140 354709 310409 249966 100390 615392 199421 228222 448582 46929 784842 731777 599883 235565 190147 832231 284731 223805 329936 574568 995097 942849 950720 959050 785680 801782 10832 89055 221701 883748 270100 453871 461424 284327 396099 62519 324320 982480 471740 726703 172433 721757 371011 366157 16904 760515 809618 10830 96439 252827 985370 976987 84277 123717 584590 326278 957550 168708 44926 50232 359431 250355 81614 125258 970928 64233 987274 580827 241852 126830 698040 587226 906313 834730 514551 23 406915 456712 815712 42154 917475 263055 448787 797390 123729 526057 43948 959268 947536 714530 317898 42912 35329 748169 707471 442979 718607 641431 341171 792567 167675 864381 37207 627160 258385 82951 96350 665841 489982 156873 713406 344098 197106
874
575822 932092 921961 58572 722216 571785 525956 552684 925584 14060 148637 927245 594984 941042 474924 364204 745027 413718 196906 624416 288080 146558 467753 516963 260654 172246 38936 726548 507928 516887 917338 357963 445395 573495 641740 927663 670859 893737 212607 543730 210448 213097 748672 174469 186304 195497 797067 711566 805803 465736 153474 367608 486745 366742 772311 330331 586374 671571 896401 251056 471402 327105 814551 510660 293391 616392 647390 309780 709514 699270 913691 392613 904991 852908 31959 359146 490637 603761 153305 193760 184023 906770 999204 692464 652791 34771 641718 747061 801292 171644 74471 349137 769679 681563 620732 105019 938562 997660 966050 330286 819902 962871 960771 831026 483785 988295 535117 261811 153568 676254 135238 397202 481343 913856 386731 543603 521719 102363 797415 930786 701306 562914 302326 271428 210232 808 902600 702135 685028 422880 129509 883565 439808 479032 291015 293067 804959 3974 550202 48402 786709 29329 330935 948914 46529 153323 157313 961356 730105 746398 311661 63201 974959 98899 362106 68103 309873 826734 290738 922513 336461 205737 806605 463753 121370 506946 407037 61658 693209 792198 949884 163335 205841 107243 650523 432065 73330 282761 479183 906900 180723 582033 982791 31304 896111 844717 251995 303638 118462 830231 92077 619212 76539 17187 398744 409246 556403 23979 271461 665953 221975 594204 154936 407399 102372 253799 555235 315170 186570 846346 856525 998178 981400 233658 951674 12561 864822 715529 793057 808298 37716 277789 54033 674327 401750 609964 909630 279299 709699 865119 473623 204581 593435 989343 347563 827638 411168 516564 834754 939986 9472 49625 815090 114627 67555 295362 569884 134412 614684 351282 351079 237467 479040 870191 325016 308723 630265 575103 784045 146263 237510 448851 745898 773991 15449 155226 792817 868502 798822 109053 979372 859689 2393 68193 146010 282550 458359 579428 285809 858720 391752 416183 510960 492530 231120 226289 574703 184717 494927 766397 680290 304620 581795 93605 746168 125878 235590 812690 454164 359000 773604 947833 411226 922529 953778 872148 304077 2503 964819 905271 581777 25852 6289 726011 5478 22775 260838 888633 10907 452411 444697 569627 399149 163337 447390 279639 474071 928436 999858 198704 56221 404442 431993 124765 563172 832142 806595 655672 933690 724737 679164 388648 92873 929749 367122 289045 872976 995602 631292 336183 76823 679280 855965 859928 53573 676295 682380 970626 477889 628358 916104 248685 407400 495131 542359 289886 242065 496149 596381 390202 756063 757086 959403 401917 726683 290402 529055 830448 774939 442920 277446 779538 119291 379519 377997 273924 388319 443997 860867 463611 64037 570983 384351 33546 625386 132789 727651 610634 418818 970616 969172 153164 105732 688682 432157 379259 94516 440603 520357 456663 369953 268104 775308 898458 830616 44391 229031 224864 971831 281085 523411 211159 478052 231806 394996 147163 781000 493781 611993 653385 527661 78414 936358 564149 912088 931924 925113 851327 581343 218894 814290 325153 343297 282148 528438 411249 813706 443307 448502 109548 467044 995403 858678 856248 51440 340602 315592 666773 673409 10331 691645 745639 131714 215927 416210 634991 490719 566041 554294 446730 857705 279675 88868 295497 749341 882994 273649 668476 808129 480906 179775 190067 527562 317468 391801 155570 363120 933624 606171 180843 631743 227211 422572 115043 191983 304005 696979 124230 752456 95744 626308 544924 533565 869654 224248 149341 195143 165711 510655 865944 106259 533318 290977 605023 626239 468861 878173 318548 329169 141961 70852 717766 359352 373961 208605 669787 953697 823800 239737 107314 138829 360471 680933 381416 832647 709751 561091 221347 498896 801975 30152 497247 664281 739339 308698 916772 502971 530406 347472 433800 981061 570470 175843 5869 96891 248292 512462 415549 610281 655116 990458 676189 853506 329687 758095 740139 974061 140737 9527 348401 695113 172685 55331 488809 504003 501155 168176 784909 910439 199447 460282 478031 761062 416294 151509 401350 984673 249756 466670 890257 948559 354164 312436 213587 288784 942763 715631 510563 1545 12638 780953 312106 216792 941561 890778 391545 59228 403459 83592 290905 530340 240579 865171 595066 924098 911153 831836 296074 187053 869188 124330 32734 97302 541673 772863 243360 192010 843171 144013 208656 134975 582721 999534 697720 925394 140916 831433 100266 744401 849968 596353 572753 905513 293694 565791 503584 3312 675866 231950 218680 160193 5854 120026 1940 371261 462006 583609 68595 317040 384253 902248 55682 765778 225792 700098 446977 879501 118158 45765 296309 139455 628490 90421 219910 161239 369000 657406 927462 733392 721466 220268 834987 240329 912717 746991 291638 123413 751098 968233 624905 66446 798755 810146 614841 779607 764354 626942 706299 864875 76997 209251 18801 95918 64379 820526 60530 531335 937337 650470 286625 760581 448422 128561 23637 865271 578118 275912 174817 608121 512351 770804 450113 902882 357281 850389 438722 225099 703181 458697 434465 444213 795275 655433 12361 844110 254586 286069 718533 218697 699819 606671 443353 15176 54329 663413 789449 708430 109020 336757 217771 763957 153275 875257 859981 141591 961333 98359 331270 756321 429006 964568 672705 993861 911254 679860 786130 823403 784843 923321 709110 449784 937008 194646 266210 832193 359479 987817 874520 224593 394878 705100 708394 232524 67869 594014 986775 987679 708784 675259 404748 195442 859188 371984 15523 275854 881082 708558 33585 117340 762546 906316 687130 479659 670736 475281 75941 134459 508540 166697 843775 57556 329279 471875 178978 879383 505239 438969 26938 274559 716834 859684 322254 644644 274154 835867 143824 138702 296251 935783 234593 767253 702495 959910 402334 900678 979168 812092 328016 939972 15719 327506 626053 596843 195168 497731 552858 193391 93657 846214 937732 748106 886253 169936 769935 175556 426852 197064 501522 492571 200899 851677 924996 596606 239909 126917 693874 985281 689402 468139 884778 224539 764496 101360 311389
618
204226 450605 183694 511035 40566 489948 455539 161796 519448 926017 562913 578020 7162 903435 113675 73577 672535 345965 355486 196800 457261 912008 739572 144070 685273 303871 332399 814085 707050 775889 935891 894924 20033 80995 7212 644061 906331 210313 756619 907143 845323 779021 727658 392502 76794 600685 947343 407140 228043 159207 828242 152404 574325 157735 989011 986061 997585 648413 927835 581757 797131 734305 982996 752664 882851 747294 35346 616948 458259 377232 122457 832878 74895 664149 374591 123661 528174 181108 812255 850182 894017 697350 488427 295388 113607 284685 601075 479697 490287 866057 406149 910864 56373 760686 607894 335527 615371 959626 219871 831091 567369 737938 497268 213007 567998 891694 169424 611661 622014 964842 403853 394439 473109 68990 91407 241684 892995 31772 784585 328394 954982 918044 55192 463477 21398 167245 498938 77779 582409 489295 963112 383899 475258 272310 121374 534566 52720 940868 112148 414666 587297 703541 368767 786732 494642 612849 210571 483071 892855 721273 86765 869469 878962 571392 921961 176010 623571 251208 750226 958248 52759 602357 24539 244558 770742 221922 12847 642832 304081 835306 397440 136085 353094 737784 628651 79837 903649 252588 76719 556024 541839 811663 176422 297817 771726 197669 662262 614070 102705 475168 322977 374760 152715 589259 671467 437391 644699 91139 366800 577784 365903 919815 815324 250720 737051 960676 969241 822679 60479 522815 424514 415191 492656 374376 705353 139461 322119 762613 570851 302320 941316 190485 455863 278471 491631 345037 537967 258727 628446 734168 842659 938311 513409 607878 916216 534588 484001 161547 270162 771129 622307 43759 622023 312192 195766 951951 694839 709191 305276 300762 31623 421502 147002 663474 975197 513443 165373 30963 760018 54057 131640 853174 200113 985598 517186 262542 7052 193971 887814 244387 409798 613224 901935 263110 878859 92122 845004 939974 221912 837106 240009 149528 516952 628132 624222 867609 104539 89937 670406 353846 378418 71233 451557 923630 102297 530662 514910 975780 471655 360288 883433 328093 340738 573750 609239 792365 42513 701358 711789 982828 144563 381987 282465 931445 99369 255050 419709 701017 796225 349441 732527 591767 356383 324684 226252 430215 618887 595665 273469 22053 918245 125301 876729 877268 442316 486871 864116 7625 876030 517612 27397 944176 677109 359758 503036 859216 552806 21750 943225 798377 382264 802627 57258 636155 72445 151892 906161 879087 460987 734283 321246 45198 547480 455961 440259 682515 835614 718591 420522 219402 818823 794989 660296 717185 833186 855662 47266 704706 374660 551169 945713 913875 110665 191162 437628 915013 383786 474330 607711 882835 600282 367027 810748 640148 267071 318272 291896 463926 699888 947538 578794 388742 206037 383448 931987 319070 954172 728058 244512 376816 792904 626878 990207 726509 359501 838243 242781 49129 847 223895 222843 460132 663773 661551 285478 104910 376367 82169 207015 914253 606168 513190 496329 625925 455480 380125 316918 841285 597817 655782 254958 572216 241256 40767 878996 908718 113940 994172 308832 625315 953728 914055 152470 132377 909184 246589 298441 135652 117220 204442 448554 696709 163526 331323 739195 127421 241683 84460 714905 24242 122854 988463 687062 797547 163703 420696 434318 406017 658179 137221 290132 980007 787836 863048 525958 901446 139097 497536 959442 327643 890277 138861 749445 299743 264973 954151 616107 18712 532626 744871 567448 550978 282713 20873 760343 712767 177710 420421 842178 527981 998636 877515 550835 44018 804663 288350 552740 201816 171227 819835 950070 321938 105068 52294 556039 746947 372684 837224 848975 760421 41653 509330 24477 852973 460211 292438 5243 403179 237314 68816 628009 400914 570528 12149 529952 81114 541770 78387 635861 473678 971672 427022 449871 794132 178713 908174 39205 67895 468072 681771 646205 674766 903361 392652 791289 79591 37420 846391 363816 7860 160795 540032 397986 180538 956223 542624 155846 866202 194957 154485 585129 17036 771399 54129 390255 113089 604174 779108 456194 243437 229632 998339 382300 854383 225041 501253 161679 115204 840425 328294 673753 891147 915944 720252 932719 862952 970429 54941 580791 351674 172260 25272 29549 483314 755492 455822 303467 209656
510
50719 856145 457489 749715 470793 779198 515118 525996 357026 462637 165577 560945 467596 934870 500426 327874 397633 919225 787132 291223 559466 589651 305545 557014 418467 252500 634074 94505 553708 324469 397588 121797 855752 620905 181374 726289 243886 138494 189251 693054 663034 120766 71571 974937 744787 790979 590781 707058 538201 934031 353839 44072 586603 668528 797672 745130 464874 493813 738915 997619 831406 601949 843729 66357 306958 328351 941862 187722 702301 856247 710391 508060 668833 817995 75965 941920 348077 525432 128190 679696 166876 921019 804178 135780 993450 824471 383398 664725 125933 89340 929324 52279 190952 293410 525653 396360 665430 359694 809384 34098 256290 530343 648582 884453 586836 156794 766274 264741 965475 987908 859947 35477 309400 621791 863658 12364 812633 582390 888553 127615 279632 453621 888837 651428 860861 700265 334829 358964 733083 552713 749179 893113 332766 181506 166350 684120 643688 865793 386445 510848 140564 599230 851078 324479 246909 878300 703427 403270 623489 705402 731870 526840 146353 271546 448688 51817 395856 232424 661302 699415 989346 728191 142010 84258 512713 826000 673815 39873 108127 597105 853555 881357 814538 375328 31737 141035 828929 473974 998309 593519 682064 985839 210327 593016 164960 609105 770094 434558 271568 733176 583234 451288 637666 321199 277756 897228 772596 939035 999711 128625 413460 366155 927753 713345 862307 611230 547290 176937 615858 106949 16424 161706 486337 108855 963202 491875 675909 391539 719485 919535 222139 612577 168985 37360 558325 739058 147401 114370 712305 744840 472772 179674 466031 793462 632617 953383 581074 766187 381590 313001 589697 293668 617577 387766 4888 843622 133785 410269 276875 309247 353061 238839 611212 21363 663097 193219 799093 864323 304812 623749 936364 387478 57230 44728 672419 115573 88361 384829 330481 820725 948184 499803 390026 715855 129587 331578 373500 333840 155119 845487 26467 844730 984115 283444 865697 797948 891730 70268 270228 712862 659719 234116 584486 965027 194828 457819 495182 929360 393958 263359 818244 196511 275883 331488 439654 88368 470259 772995 43535 209610 728266 302752 321826 574504 6943 601686 59845 358889 153633 275799 64719 43618 239447 6270 123494 35913 468275 907000 307141 891613 760494 471421 231165 72603 311736 454544 814161 900492 202916 279380 143486 318227 769755 97044 144744 525483 80783 106153 152920 878112 399565 141279 471653 152872 647409 904242 221688 658880 959896 228928 340228 43519 762415 365660 454376 625559 797064 859214 363705 860864 562647 43693 122550 769906 956480 965592 431127 267115 191241 51807 263110 590618 987312 103777 644691 565276 87332 151857 904900 135460 482191 783964 895111 217394 145253 840094 168158 149884 315543 489221 479829 362970 978788 514131 226101 702411 654395 908876 264347 830645 697193 440374 496997 463472 435067 816331 792549 830641 329820 46712 172855 5206 425562 192268 177898 744441 406354 752685 780510 685362 530759 627034 852552 930524 810250 189047 486791 323281 434395 241256 947497 39279 140370 322621 723765 424911 725615 513082 583773 549450 27247 381701 449087 985295 903889 247917 123431 47715 321230 80128 410542 823100 237067 559572 827567 284423 830293 187997 790491 944767 929600 702460 618289 727284 78772 803826 405185 166973 742578 185272 974108 319421 577878 890360 432403 642479 871271 413956 734655 774149 235088 634288 763411 735816 648691 899957 216668 272843 828955 631597 948399 989672 90317 275474 458374 887186 779903 418393 431975 281405
270
803210 741423 292125 476002 327377 494760 24276 188311 942091 392488 654734 963862 844134 8731 189315 527933 592138 432333 610284 383590 976991 986056 250956 586043 227099 757009 979462 572160 985825 39928 867699 318795 249541 815142 535645 494354 970852 111823 214795 560158 96201 862798 294626 371145 66104 193854 381628 277571 594403 39149 109200 771016 717064 656222 426113 933708 10618 647440 985819 157491 106720 134486 832434 554758 509167 456797 20335 761931 761714 538932 151586 963090 611850 748247 965232 126071 823843 322631 618028 338107 859773 643341 591444 700081 990884 368275 638525 643022 523418 197087 527251 843875 156175 234044 976430 242992 897079 160353 431910 266231 730935 83825 501586 669719 951269 971365 948813 80450 944372 783802 956618 613802 623125 557335 301794 161169 336199 520884 564129 249662 353576 852866 146313 285171 639917 767988 190834 211307 8694 118886 382808 395421 379210 284668 884490 873039 210653 323092 572244 330936 903602 336609 729462 89844 646017 353361 187413 429408 352428 507683 363698 404131 149730 975983 135342 83179 661207 468134 973058 993932 633737 838973 669573 552361 441277 379115 720744 918703 205197 627299 375444 266470 607382 858241 371101 664054 892117 771 821769 153892 470100 245340 992287 970626 204522 209951 30373 902019 712659 156110 374689 525040 59876 148842 977039 683859 205972 827288 640897 198166 186565 562212 979318 65628 688836 97535 740803 575059 144850 567014 501793 557010 986492 18360 984642 5989 885302 335892 427398 203740 357361 359176 185995 462154 620044 204632 808020 761444 16471 273272 11089 582895 767931 583155 209992 885016 93739 572319 759706 748322 171356 481145 651182 403561 933314 933690 63071 873613 611765 269847 945662 229084 154081 197406 192780 480849 140987 485204 910986 115102 659978 161919 263688 220333 601851 408896 591506 435191 805001 309830
498
500938 753202 904939 813768 123541 812159 947912 149192 277235 896329 545691 627386 419734 53452 949198 426101 491926 775599 884368 319923 51926 945891 655790 498195 955011 44048 268301 567036 674132 579057 880504 275401 282793 686366 957628 424631 866364 180283 417138 756405 675087 355377 115341 922609 34508 782876 87732 824474 729337 823609 758503 968363 903726 360623 73454 886633 209400 688210 403682 869312 688399 751082 565098 855287 364048 963783 821684 54561 851751 780854 266719 933392 240497 911577 688518 333532 129915 157122 36850 351038 805362 730634 629822 9641 471033 183736 572029 826208 335150 584067 464442 630027 502817 491366 616381 32606 451705 372806 611278 358800 105931 796892 929712 230147 771543 710533 564029 701630 711111 115980 975926 88378 793341 146679 427478 653744 536711 184818 734001 388712 990275 137429 951563 40219 490556 79042 266367 889701 443518 860243 847532 479727 796450 789101 181147 16445 658248 242155 234810 443178 899177 685759 733101 218393 187946 132955 929333 743333 247063 253369 353050 885681 140515 749504 630851 57764 288283 838203 95031 375861 484109 420892 718894 831727 55787 375094 917485 136539 426099 709820 610440 952824 89115 3554 766112 744961 39153 806968 765130 979239 688533 538666 454727 652089 763111 644765 658307 22258 135156 317 31433 140197 330249 120175 462048 939837 707838 132502 390198 246649 973035 629652 426627 388566 910541 602004 405014 254325 279580 119943 157351 78800 242286 566089 864715 769949 723820 532827 744939 392245 818021 326491 230888 917726 406671 832282 795240 606537 867669 801938 395726 927138 105974 660376 95077 118914 201645 651173 541389 770029 379488 444060 167852 56895 939189 260607 405047 542883 349233 237727 188931 441075 717885 987846 188856 689292 744737 943104 948747 544155 265637 608912 685027 772490 828797 799311 154609 210384 20589 193824 33426 412439 180486 467236 347072 545807 828722 900825 901034 731721 894950 113447 323215 111724 466536 6484 973517 377472 572934 991122 868050 429631 416829 696402 578420 345658 963262 898626 496092 766305 265198 748741 39927 636103 710490 161860 810465 382310 575900 814741 374494 506797 620861 467744 868352 269693 486203 752881 622252 229340 372527 86512 367115 489180 690677 692717 805274 451668 764755 708708 867235 622291 718533 897596 40833 488287 125483 770369 700178 714478 532904 756975 719578 369317 971578 187611 203480 393981 806216 647503 271606 163072 963138 911562 508845 856458 755939 372231 734494 743555 961453 129338 715458 649496 361157 246074 215935 28572 75175 365712 63048 727977 921142 201235 763500 740228 558841 278111 172135 870135 995214 185211 270914 59755 114222 655351 976724 67097 848669 660794 980617 177897 393182 656476 660389 600478 225678 731222 493658 56660 560345 511681 894272 796963 799544 757066 564098 957798 491376 430276 984459 153886 545296 685885 609980 302387 966114 394627 474523 134439 940747 593265 375633 713613 602423 165171 106898 154114 765469 828823 735392 211114 681401 380331 122660 45221 21434 828922 973360 736310 858758 706348 651309 105507 784979 893910 327994 510738 288334 646740 887630 299617 407135 145177 578093 971221 91370 540761 152783 934700 927112 302128 619672 117264 131270 151862 709681 897219 463875 978379 825858 288101 950089 240845 357074 48008 679443 327464 714601 214340 485080 886668 460498 518728 169158 267221 727883 666361 756063 63550 144572 976431 23822 19815 7444 162863 100096 369361
905
121753 444666 138864 450281 801798 758374 921514 981480 602780 250518 523990 423957 894005 458447 564960 534333 62475 543143 66657 32470 874180 520328 744907 888178 188393 791974 851852 839568 582448 374862 929555 477556 836800 435433 69249 446526 296115 166879 425462 435283 522801 60431 393067 399097 82752 728203 133538 193197 903570 284413 431145 152649 178185 77306 921935 351751 762816 552325 895986 672219 307734 755841 352987 551811 74547 392165 18383 464150 333873 837854 385462 305476 969332 154944 158731 222961 220046 809956 631194 748855 998216 912954 731264 88816 979966 820221 406099 922091 397 158801 879905 916749 220264 305189 591219 846160 586049 220760 113025 915508 809628 11742 953379 781780 588241 473402 781224 65113 748524 720211 129412 336625 307945 707449 720525 351841 208627 551850 484739 950084 484127 913305 725187 782376 719737 377659 939469 242887 826849 147330 230067 223947 625322 545554 599899 159609 889349 701932 885843 779699 842715 235351 529305 2354 664608 145358 116271 963792 635378 487204 925225 591929 792214 673998 718636 279573 81909 673487 221986 997087 562578 300278 661044 665902 408081 780057 697647 555204 769246 354554 768450 858922 177355 742247 738001 211155 788136 993814 180881 623121 858560 788588 587971 120668 892380 838298 763522 82418 559883 603540 801781 748066 581940 568889 187650 894118 231162 81459 515448 786622 564560 989674 576931 959338 129714 309856 492139 320219 300093 895623 100451 561304 312197 107870 810146 623185 799225 685607 574425 500530 847016 196240 12406 930576 14355 22765 229855 419409 184765 594359 635815 876584 25798 627716 286082 17876 802122 900301 714480 394650 456876 614352 331703 720414 570547 339942 986732 937066 182420 237652 206492 59456 182647 941926 180517 85578 874997 355921 471458 885248 44659 204593 496195 596620 172976 279487 623296 953190 601691 710738 152747 439922 546381 376168 734108 479483 124012 140621 565050 936900 55465 32469 501787 211258 653330 934458 847399 511530 337336 458796 274984 949429 547859 427634 596852 709135 590697 800613 613678 550257 981397 757666 501994 599214 419604 907432 615267 63633 197292 118706 746077 283182 693860 39772 550964 9869 22904 740652 253205 750661 123806 339369 491328 539189 778922 790390 722675 904864 171940 130616 313012 207890 922693 656225 824181 183842 582515 114217 524416 451854 510930 155418 402114 269482 544579 289969 237707 495910 788501 263637 83870 30072 758386 34976 947986 692207 145469 20668 449856 958459 361133 724708 158102 425715 572020 300439 219569 298556 29142 821403 854956 938828 132155 45740 508023 492880 523718 701920 288260 411110 611780 901066 811511 105195 993808 384491 367509 876103 623960 995415 312022 123715 136229 887283 229993 305185 444833 676125 261567 733613 96859 617026 335925 220562 646199 200006 638562 300927 668353 739558 713050 963072 66730 25144 129689 575560 482413 320909 956848 314373 737334 945743 352212 703120 988514 853910 237013 842680 153191 56495 10123 810511 768731 464583 118770 726833 504057 346920 333565 56299 115871 212834 457987 742207 465626 400547 685924 986535 38896 68358 376189 640988 703888 990958 536068 232974 787886 275168 344046 231713 615652 434558 16656 460892 440742 83133 215750 575014 588878 746660 236758 856201 307446 244193 47427 880813 912826 631530 33475 356023 402897 573405 844951 333303 694778 478684 358342 803065 628575 919742 711320 175527 249384 241077 739725 609161 486248 116140 116309 255350 202232 645317 735073 961089 617613 929912 796304 467438 424557 871054 320333 180588 123407 905420 644623 254102 990216 548037 457786 344955 579071 537941 721345 881345 431594 888855 387190 389180 519494 457567 469774 988543 301070 289876 158390 186133 437037 987816 701712 512243 869985 834144 649821 463052 966716 965176 210705 588819 444932 85072 844288 370247 961489 425446 279164 765312 711571 342285 84740 518135 541164 231971 777625 302112 292401 345779 711248 349967 853818 135448 924446 117713 719594 289146 772 853867 336957 354370 836243 897427 247519 849106 40851 323765 875735 259830 619663 603398 853831 250283 674841 950666 69895 880331 364969 595804 670591 361047 126291 984521 121761 362262 400557 885373 206157 244056 17048 942525 668566 201861 300747 993020 815560 190605 914591 395001 501967 723297 678911 338623 847111 16371 240516 121834 824548 881055 609249 730044 690662 410609 663155 750496 304244 574064 916503 996794 780567 592972 295184 678232 916984 818747 687155 457236 548133 519115 334539 118559 446701 390463 554921 277304 757041 956191 471676 786307 642534 714215 101233 607331 729737 566457 249534 993044 612341 491432 544234 979555 260426 827647 582047 85620 834108 97703 160441 902228 928856 288185 409393 209893 483073 449033 83106 777919 334443 159059 124839 914010 98806 994001 44693 468118 413827 216047 580338 179376 695383 654609 62362 635646 824144 965436 635350 882438 878399 254279 775706 832956 75255 501185 809550 869295 651991 525197 80428 202489 741948 206536 230037 356896 841595 594553 213336 474070 157594 148102 869817 357264 133881 804691 466842 603251 329800 887475 386765 167018 911695 362539 499474 121112 258396 243190 721787 129671 218288 333571 397412 413909 828391 546302 197443 946947 689403 770647 443623 257984 515659 394854 565355 206359 842702 929577 659243 759733 648479 116046 270523 354634 998245 576166 420912 923281 955188 635913 583336 238742 357526 665291 467590 675750 801040 514249 306341 586174 767044 713121 589235 739217 754249 25467 660973 914999 426445 158333 521235 89729 321637 830275 370391 978445 884780 965857 625500 823357 759285 224328 258604 710776 778451 216023 766149 178946 648940 846912 540244 388375 754735 831775 370405 243658 386646 217176 417553 707843 853407 661832 54130 976528 273656 160339 755921 759345 219958 661783 157156 367206 624909 117135 272990 127107 557720 260230 271741 716951 493477 87667 714147 928027 393881 874179 348665 724575 911480 66308 89496 273574 266932 688411 987254 392534 187264 331857 579807 402504 840060 741118 943990 152346 670448 858362 2341 915695 468798 495326 913986 403388 837015 936868 91581 956704 819372 458957 429473 121599 915352 815938 811942 40835 719615 491340 414696 187793 490087 642018 247416 211634 578119 800453 600602 703215 972639 461626 948847 482083 321403
644
535037 115581 529382 962419 152579 402747 440719 716497 628834 780613 541589 718482 815992 750494 170891 835367 83985 19999 629161 122826 147386 230800 168036 730421 272168 944513 848327 9870 873694 848676 168417 388820 426325 190073 285491 495214 91676 789444 42169 801253 609775 710812 620925 714987 123109 302735 172095 421048 696263 806816 8366 371447 96058 42929 999719 651475 323934 337330 348101 653594 691192 285148 169567 622953 653519 569853 596948 136697 407662 268809 592841 558669 373200 709674 943533 701283 222882 977447 814157 751489 478487 543599 454731 647003 286194 390358 107906 97560 234771 398676 120320 949003 419435 674606 741454 513073 752729 364344 499609 104523 78183 518455 207815 718772 521740 60267 757162 391042 590068 111229 553749 442363 152372 23072 682057 472525 923226 205001 524167 545365 332873 154771 677827 925822 285474 859055 506055 2462 297632 373309 519252 40046 492224 74967 275282 385799 765305 944446 996201 675591 401031 263340 52803 661465 221350 558611 310726 189055 932947 20249 765865 488252 393947 951594 167657 778366 442698 109162 924483 754188 238381 571426 28533 975485 78009 930070 208340 484774 981055 899000 768784 935216 932281 186783 41240 113757 634610 751393 147550 765329 219555 931830 998767 997665 302527 818856 585847 90235 434978 567843 479069 735358 464477 558418 859779 527014 128550 130631 136366 315300 785418 278097 616000 292430 356604 884718 400321 818693 38805 116880 22582 953789 631699 219748 21401 440999 255398 721060 376057 315561 256799 191637 972257 738277 505107 283950 396323 982327 264950 427098 997267 873245 233507 776566 196304 72331 254837 389105 768679 771939 223657 280636 770184 277009 725060 432759 243688 190047 54909 417131 3116 171545 755674 148518 648301 67422 357128 678992 861085 597921 141002 211794 990202 475558 362689 990199 16631 644096 255663 938862 698161 843914 215181 775492 785354 555259 618285 314082 437100 425156 877619 944599 926586 175313 720231 414367 589924 34505 757504 300620 59037 579216 631865 914012 329872 653050 821827 648303 383644 525846 192548 304695 443891 653117 440499 158635 274099 505165 986134 65499 905697 392935 632819 216188 985255 667575 696277 244781 284720 662482 968550 821519 368631 137676 622506 444016 230926 415832 885358 546468 428636 347000 803035 91109 574263 908343 670722 255738 361959 328519 279323 745448 37757 285917 121955 313812 504326 170756 283792 663102 788268 430736 947927 268700 474078 191426 566859 645843 238315 32132 662047 150804 233313 862211 637765 352828 278166 739119 315952 706346 79422 561866 766461 493952 53282 542280 408203 645436 369897 915456 324305 947566 35398 335335 901686 709397 465217 609605 96178 250144 92449 627482 921453 709214 232862 271566 148758 609864 201814 731974 55552 533803 556822 957951 598132 131502 672904 48323 17168 947412 248531 9885 541172 755394 24925 399598 546685 918028 899447 488978 683768 447139 824349 452694 790687 608678 964129 592911 513942 918966 720136 372170 627558 26927 906633 95211 545030 341882 313721 766198 592529 930022 633726 390381 526870 958758 394739 183509 417357 17392 898843 885228 329092 721977 822399 632076 273470 610374 62510 607342 747299 97692 990479 227315 462513 100441 546025 950795 770541 595365 80286 454981 168697 994246 434103 812245 535638 6028 170769 344589 913554 741539 81563 187948 308554 601295 692912 570808 571300 325476 902272 1576 880665 766130 701424 555010 360302 383277 692774 408254 224589 897885 575378 651802 968637 899344 411497 751830 276407 512168 743114 633067 186027 887928 17746 885762 550932 956420 216666 982482 847573 837720 235071 868150 850079 368242 688119 199793 164496 405757 828014 548618 88230 803707 251237 434438 986369 810852 208613 783799 697489 700906 525983 555838 71862 614884 988284 82802 37585 260156 122946 961702 217352 47648 901089 348631 142677 884286 814542 573865 920379 24833 487039 940764 68021 489087 988419 57926 712649 39007 271162 729928 171406 992238 547009 689554 628528 12259 737410 212432 217757 502477 659883 831268 365057 228790 269210 487779 870504 232510 770379 576582 153274 892963 861034 478329 681010 375880 962253 283169 640162 983803 375500 199909 437156 620291 432759 424497 324373 777984 991464 489528 783051 889438 952123 128004 567795 59122 204024 262895 865879 987817 352115 663724 855083 243583 893715 428945 896627 860739 71407 836305 866681 709920 675826 17325 753045 833741 748804 571744 501211 671405 394078 427608
25
9546 7909 8311 6486 5408 6776 6734 6651 8495 9817 5216 3228 6729 3700 2851 3279 885 9050 7156 5288 9087 5470 7919 6546 7191
75
6386 2627 709 6204 5943 2762 7170 6112 4477 6136 4995 5898 534 5864 7272 729 7798 9268 4082 2940 9661 2319 5844 2470 7295 9377 9904 9295 2595 5518 7655 5228 2820 8631 9212 9486 5046 5170 5390 9153 159 4611 837 932 3990 9533 6969 8258 3689 1639 1777 1697 3001 4996 778 6458 9320 7912 7732 9849 9270 7946 2711 2605 9618 8668 9532 1747 146 6878 8160 8037 2035 8160 1995
20
8876 364 5207 2149 5617 8618 9813 4502 6047 6130 8301 6455 3914 9470 2509 8006 1132 5138 7569 9051
82
541 7762 5629 1730 376 6928 5885 940 2346 428 4862 4319 7570 6341 4878 7805 578 6712 9607 552 1054 5170 5388 6775 9284 4005 1387 3018 5488 2683 4264 9848 8259 4166 1365 1147 4638 1066 3745 5 6836 3753 3559 7316 1125 7913 6130 5791 2504 2934 9326 952 9121 1146 3764 4327 8770 706 4309 9304 1742 893 9433 151 7808 1884 9073 8181 6080 2144 8506 6384 3096 4969 4547 4035 6140 4102 1774 4015 1073 14398
3
9566 5018 14020
67
8245 3562 3147 6978 562 4760 3911 3807 2013 6323 8247 6418 7636 9685 739 5071 7600 1089 4716 9798 5088 7045 4189 7040 7167 8826 7679 2906 8464 4069 7101 3853 3787 8997 4128 8304 9844 1878 7879 9387 2055 7483 5597 3094 3946 2607 2556 6990 992 8584 8748 62 33 4328 9254 9549 9554 2766 1801 7031 1543 6195 2068 581 5451 3667 4686
96
7036 5688 8767 3344 3256 3233 7054 8390 1790 9632 5645 4019 9163 9439 8473 6192 2254 7243 9203 1409 3027 1 4923 2539 2286 8215 8757 8831 7211 8905 804 9514 1640 1762 7681 1166 8683 6765 661 217 6361 2813 7047 7711 3980 8530 7403 4930 4033 8079 8488 2262 7812 5582 5908 9871 2468 5896 4179 9440 7931 6534 9195 6574 5772 1334 602 22 5702 2761 1119 9606 6657 7669 5355 7406 1777 5972 9149 7574 2413 2981 4675 1218 2297 3201 8194 6862 7064 4419 7744 5297 7133 4838 8567 331
20
9043 1383 5885 5953 9146 7429 4678 7026 5038 4657 1511 2878 1714 5883 3796 6510 5123 1261 9370 11458
73
5555 602 4080 4173 4484 5073 3929 7986 9105 7641 5188 7720 3560 88 7926 633 5135 5614 8423 6372 1337 5275 6497 9059 2046 1265 7899 8553 183 9553 6133 6474 6396 9009 5565 7444 2016 4546 4265 7548 8799 7779 9338 1221 6027 8018 7638 3227 1113 4362 3859 7085 3370 8241 153 3756 332 4143 1097 9903 1083 6451 5062 4058 9594 7554 9662 7627 7187 4985 4204 4199 2285
36
9870 3553 2622 6115 7939 1765 8830 805 286 5205 6014 2230 3201 1008 1754 3218 4916 2589 5984 2757 4661 5150 786 3058 4036 8779 3364 9678 3844 374 368 9385 4034 7357 1451 8459
82
5741 6259 7891 5084 2609 8336 4091 4101 9763 2658 9972 4122 5982 5912 9265 7896 2226 3293 944 3604 4058 5309 3785 3276 4887 1078 4595 2967 4199 939 6943 3366 9052 1985 8113 204 6044 1358 9921 7320 7583 1453 4560 3461 5157 4035 9958 9335 4817 966 4329 2714 646 8383 5137 3946 4438 2020 7884 3112 9568 2896 2409 9319 5786 4725 604 8670 4651 4760 7209 6459 3485 682 8479 9790 868 2502 3554 2953 7185 3936
14
4224 1702 7256 5999 1958 5847 6909 2272 8689 209 5361 8530 3359 2017
9
6436 1513 4902 813 3732 514 3420 4134 7466
52
5707 6736 2511 2242 8320 4340 3632 4142 9540 880 5121 7927 5927 5204 4496 316 2008 9455 4336 4057 2787 498 2860 5988 2113 9909 3828 4454 6309 2973 485 543 5436 3868 8717 4396 2498 9726 440 7823 5819 9655 4332 9069 8362 4245 1356 1641 7434 4850 9044 9420
82
5512 7015 5522 5037 8216 5069 8223 8201 3036 550 370 5933 3505 914 8518 9330 213 6960 2149 5122 7603 5162 9348 3685 8221 5505 193 9716 4117 1186 2497 7724 6549 2789 1144 6415 9577 7403 1282 7861 8646 2719 2866 5324 2032 1848 7509 5749 4878 771 5920 9291 8292 8666 674 5793 7351 9851 1937 4747 6691 4878 9373 7415 8653 9276 7595 5905 4271 1763 783 9740 1765 1907 1235 8541 5005 5237 3500 6478 9307 3266
40
5280 7027 1385 367 2324 672 737 7039 6430 3918 1553 7364 809 9970 2995 9501 2043 8849 5234 562 341 7591 7071 329 5616 6124 5703 6157 5837 7232 1371 1600 399 9527 3540 4625 3601 3845 9176 1492
62
4265 6474 4930 4135 3274 635 6198 826 5266 4308 4116 1898 1114 814 4677 5328 8776 6267 614 3309 817 8548 7084 1362 8210 7429 4235 2949 2947 9853 3640 9056 6778 5727 1636 5707 5994 4687 4323 806 7223 3471 6683 8894 6839 7759 7873 2980 5632 8364 5848 2065 8394 7928 5356 5071 3627 2687 5584 245 2120 8735
66
5261 1300 6536 3795 8952 6357 7228 9902 291 8416 1206 3844 2930 5195 2249 5495 4801 4065 3092 9354 3165 910 8761 6981 4278 4543 542 2775 6488 7988 3054 6823 8486 5508 5215 6603 2211 6207 1524 9844 6570 1776 1205 7727 498 6611 4678 384 6958 5315 5611 3064 3000 91 7285 6739 2311 4889 721 8088 1330 7664 5152 7200 2012 15104
22
9665 7427 5066 4372 7839 7458 1271 4371 5696 5222 3302 763 3642 168 358 9801 2395 9375 9626 2740 1333 3612
40
7729 6693 3645 6527 5888 3836 8649 2081 1014 2973 3529 4896 2898 8373 8538 3432 8206 6948 5148 6717 659 3540 4317 7202 1836 6681 2298 5580 4388 2396 7041 2820 1517 3868 7668 2318 6449 1159 4961 7300
77
9887 5456 5407 2607 6516 7472 1984 2548 1281 2145 9397 7049 7248 6699 143 9451 2792 4031 3812 9416 8372 1601 6885 283 3003 4182 1844 5576 1926 9743 7949 4344 1287 4794 7465 9088 8283 5802 4723 7914 8716 4959 3661 5752 3906 230 8768 8107 7774 4098 5665 2747 4574 948 5725 9652 6580 6867 4800 7499 4883 9466 7053 4201 5365 6102 4764 6807 1584 832 1377 675 9864 7029 6929 945 9447
89
1170 203 9682 4728 8958 2606 1596 8626 5155 2106 9967 9277 6259 2309 1474 7138 8215 6016 6452 9982 7265 9910 873 2214 1764 6617 1312 2032 7111 8027 603 7589 5434 6588 7469 5184 8938 7821 986 4982 9135 7057 8688 1497 3307 8193 1888 1582 8286 552 2814 8165 1168 9326 134 1841 9202 5634 1285 8774 7220 5016 6349 7866 2970 1886 1321 8551 4628 7445 6267 6586 8889 2654 1345 5612 4274 4180 4572 714 3279 509 4177 9234 4420 2578 340 4329 613
63
5083 7911 3307 4168 2200 1562 5401 2571 1453 792 6834 9969 6844 9222 1722 314 9453 876 3832 7032 5007 4148 3730 3098 3966 2427 8520 7763 4754 2522 6377 736 4746 9823 7382 5607 8952 2461 8744 1307 6254 6159 1443 2059 459 1496 3466 7977 8051 9536 5494 2290 5475 7174 6257 7213 7437 3350 9941 3740 5401 2722 12034
3
5332 4854 1570
68
4089 6725 4002 2442 7375 6959 7935 3497 8906 9681 6114 4591 6667 4115 1521 6821 4480 6356 6277 1152 7720 8840 8342 9513 2173 2839 5873 2794 7284 8295 9368 9581 3526 9578 5528 3063 6083 3800 6083 2151 2509 7925 2060 2805 1595 9834 4107 6220 3359 2881 7407 2754 6771 5109 6061 943 825 3532 4582 5509 7220 257 7295 2069 6134 8559 1509 11592
99
9146 6759 1207 7612 9221 5735 4010 5195 547 6153 1349 9550 3684 8235 9145 494 7419 1079 7316 2482 7666 7534 2379 3389 3209 8992 9684 1598 5483 8131 2436 3245 3687 8239 4853 403 299 85 2612 5173 7121 8131 9295 5399 5388 4508 6596 6546 5186 5313 7323 6542 9475 5451 5424 9710 905 7729 1379 1198 9666 7745 2514 2419 4310 7786 8355 3478 6676 5693 7223 1408 2786 404 6424 833 9575 8547 7586 6283 3537 4542 332 1152 3995 3873 7734 8603 6692 2881 3835 8744 3260 3418 5736 9976 1687 1401 7759
10
505 349 7935 7653 7267 4816 7920 4172 1189 1812
77
4941 4175 6010 9506 9519 2536 9674 9934 9403 3964 1106 8098 1986 198 1979 1771 7484 1597 8207 8441 573 6142 7756 6476 3173 6261 7593 2624 8986 1713 5535 5352 2925 1151 2214 727 2360 1215 3498 9903 6775 946 2496 5717 6764 8191 2911 5951 9527 4613 5251 4070 5124 5620 8953 3067 1323 6940 7616 5566 7638 3658 9041 7252 9567 9002 9850 2117 7551 5965 5711 3203 6282 4158 399 6417 11330
55
4826 2250 1271 6249 9256 9969 8496 4831 9380 2184 5832 7717 4357 4806 3381 4402 2395 3590 1609 2102 6208 1588 8732 7752 31 6299 4651 4907 6592 4461 6497 7436 3322 5241 6014 1278 319 1475 6778 7852 4434 4135 460 8386 2576 3110 7132 8839 728 411 9208 1788 8157 1892 6202
51
236 4560 4251 2968 5006 921 4570 5175 3346 355 9757 3637 9763 6863 4968 1363 6700 8963 3060 5004 4759 7929 9162 1239 9094 7122 7643 4962 9496 271 7942 3576 4584 5535 5777 2389 9459 4379 7278 3176 5042 4916 8756 4070 2655 2092 4214 2713 9555 8574 5331
24
2730 1594 1390 5350 3287 3005 9518 5027 9116 5882 5654 1507 2722 7514 4342 122 2990 6168 1679 5988 7944 6363 7834 2919
40
8887 7436 6174 1822 1325 9732 8792 4331 8307 2454 6170 7112 3490 5049 9659 1922 5679 2338 614 9522 5052 3408 346 9977 8406 5705 4922 8995 3392 9896 9145 8900 4736 8674 98 4772 2574 9467 8820 10004
84
8920 6677 1044 6276 9775 2545 8759 3397 81 818 5536 1754 1256 2019 1786 3605 8502 7017 6699 4346 7 1147 5274 3778 713 2791 8097 6363 5274 133 235 3825 9475 273 5775 2248 6922 318 356 3837 2692 9260 6672 6004 7347 7106 516 3639 8373 6091 6062 5545 8983 3828 587 4486 3503 573 1489 7015 1227 8509 6877 4123 5276 5771 7267 1917 6352 298 6068 6769 450 8720 8518 8794 1889 4364 2649 5511 4140 2045 7087 997
23
6678 6537 6447 8400 4621 6164 4480 636 9003 5907 3892 748 5191 5899 5413 9998 9666 6612 5574 5566 6080 4780 218
58
2102 7244 8648 1409 4099 2659 3020 3069 2422 4161 6609 1119 9951 8328 1643 9656 6483 9242 4389 6574 4342 1281 6789 1119 3308 4739 4349 8233 1306 8956 8286 6132 4210 4809 9189 2225 7420 6119 5777 1870 8381 4343 1425 8528 164 7854 4298 9872 3107 2721 7166 969 4487 8296 9718 5004 304 7335
15
6609 578 1430 8935 4698 3405 1040 9204 8318 493 9397 3182 9806 9485 9618
28
1549 5696 7012 2942 19 1185 1624 6933 6380 1687 5972 5903 6541 6249 6622 6434 9954 6129 7056 3624 8662 7319 998 1798 3745 6047 8784 8436
47
9208 9355 7762 836 7982 3018 6730 5563 502 4377 8418 9545 5925 2270 1021 3163 76 9940 1911 1217 3853 3065 5902 6237 2270 4502 3232 583 9047 7232 8315 6958 5910 3221 7084 1214 1660 3914 6233 3598 5137 3162 4656 3948 1395 411 8962
72
4966 768 3774 5831 5366 5438 741 2328 5918 5642 2786 3102 5735 7722 2644 3778 5513 4748 6400 84 4799 3338 1163 6828 8919 8670 2820 192 9789 1353 9792 5396 2235 9297 8395 5292 731 5384 7901 8441 3503 7661 2107 266 1291 5461 6290 8757 3508 3814 593 3661 7650 3494 2506 1702 9029 221 1524 3374 3052 5149 5625 9654 4627 6024 2621 4166 9915 623 3087 12134
5
7846 4637 7771 8527 13231
34
127 9456 4914 4511 4078 9359 2679 847 2073 8998 9872 8007 9943 1599 631 2534 2145 9628 7718 6087 9430 6221 9584 937 5468 9093 8360 8090 8999 1841 2990 9816 3674 3557
50
1096 4503 8387 5977 5413 4972 943 4909 3597 7222 8404 7055 4230 4449 3359 370 5149 3265 3876 8618 962 50 4677 3588 9994 7527 2764 6807 5323 4891 4917 7019 6861 2936 2568 8849 5042 7431 1383 8118 8161 2487 195 3573 3087 3792 7042 8910 7953 8059
62
7088 9393 2931 9691 8669 3871 7904 681 3137 5669 4708 3251 4605 7626 6965 7813 7033 4025 6778 1734 753 5532 7806 5642 9689 7214 6565 9404 8154 3177 7330 2554 8044 8349 8469 1763 5497 7607 5921 7654 3712 898 2940 261 2808 6071 6877 3062 4417 1995 6273 2731 4984 5632 1077 2756 5679 6967 133 7857 4201 3167
8
9682 5136 5957 9063 3527 9130 2805 6322
16
1525 6712 1220 4380 908 3590 9647 4577 9050 4782 4994 6779 9570 729 6023 15328
44
8366 8626 4272 7820 8342 1902 4991 3298 9373 482 6451 1295 1836 3060 1272 7681 3652 9213 9764 6498 9374 475 8988 4218 1070 8182 4388 172 7979 6791 8209 2942 1921 8150 7649 8401 6082 2683 5283 7219 5983 759 2529 5231
73
2561 9630 4096 3050 6916 6317 4458 757 3047 3495 1561 6529 2295 456 8960 7723 5250 2004 1194 7174 9677 6717 8375 2193 3 8688 5618 947 6456 7050 8929 1416 9648 611 9201 3125 5073 5428 8982 7222 5866 4084 7913 3396 1414 4797 4218 4908 2742 6291 2253 6545 9328 9494 789 5068 3562 7028 5597 9634 2907 5595 4258 5795 4558 1741 5350 4889 696 5441 4314 761 4422
25
3541 9524 1838 5809 6697 3928 749 2782 4561 3693 1432 1635 7492 8321 1845 578 5973 3329 7179 9897 4322 528 5162 1451 9036
90
6085 9440 7364 2428 1209 9479 6386 4533 7192 1658 9752 3356 3464 3737 9344 8395 5632 372 3803 3914 6952 9226 4589 8244 1689 9305 1018 1491 8273 4522 1375 3675 9096 6468 583 2575 4476 815 1527 4966 1569 5885 2777 5278 7602 6264 1113 9510 72 2365 4991 1606 9990 496 7351 29 318 1728 182 778 7616 875 7114 5 4991 5301 4897 5430 111 2500 8202 3307 4447 8609 9905 9326 1875 7958 8329 4589 4110 6622 407 4470 6682 4586 4308 7238 6658 16072
3
2135 7005 4874
3
749 8228 8905
63
1607 7098 341 874 2004 1554 5448 116 2521 7598 8736 5265 5706 6655 7449 9476 4648 1665 7017 6628 1875 9965 5814 8337 5133 6150 1556 8108 4992 5206 5028 9718 4536 772 3968 9311 8980 2190 1741 5283 8668 3258 3912 3799 8952 3014 3175 9047 8281 4518 1816 4872 9249 5919 2846 2034 9871 3646 7478 6748 8657 6344 7491
73
3055 5300 4330 5207 5160 6052 7943 568 2617 2575 4874 8870 4712 5942 3807 5580 9680 6030 3552 7987 8678 975 9333 7200 8901 8140 3790 2494 9502 1253 7030 1978 2113 1396 1669 2750 5499 8140 8395 6231 1105 5244 5509 6177 5922 2946 1168 4144 2571 8951 2070 4726 578 6713 8917 3862 3349 9408 2228 6449 3945 7923 658 7758 2035 7370 4369 756 5994 4735 746 6971 6075
64
2725 264 3100 7897 388 9563 1162 8932 5876 8040 8408 3198 3451 8518 150 1235 6526 4963 6989 219 4685 4826 4446 1445 6092 114 7702 1312 8854 7376 7337 3432 7538 1577 6775 2854 1974 2684 6207 6310 7416 2367 5716 2098 5992 7173 703 5732 132 70 8203 6183 9627 2356 4724 32 4383 9031 6782 6645 8523 285 7119 536
81
3641 1847 2821 6784 3573 248 4789 9968 5057 6817 2746 6681 9273 4135 1606 3568 2730 1887 3428 5030 1233 5218 9256 1211 3934 3000 2726 375 6548 3938 6239 6401 2148 5956 8467 3400 1295 2785 9599 8762 5941 1598 170 1687 4123 1123 5041 2441 1531 6193 2235 8822 880 6080 3165 1464 5526 6852 1535 1677 507 4714 236 8194 9604 1320 2229 1673 514 8732 5052 2911 6699 4729 7817 6838 3966 426 8208 4603 11956
99
8597 123 3449 9552 7980 601 2185 1120 7929 1013 1798 4798 70 643 6739 5737 2539 5950 8360 3333 4874 8969 9630 805 852 455 271 7290 22 1201 9016 7309 2611 6072 6120 4319 5597 4164 4613 6117 2708 8473 7956 6761 8833 1174 1404 2311 3438 1148 6680 2581 4283 9218 5540 4535 2061 2912 9907 3872 6440 6778 6167 1242 7743 9826 9672 6963 2807 1476 5799 213 175 6727 7823 4456 4404 5983 4154 8957 9207 1315 6001 527 3373 5944 54 6199 4269 6056 8321 402 59 2330 2309 4103 254 3831 10863
74
978 1613 8231 5880 3227 553 9830 4909 4558 6147 8420 2630 442 5429 5264 948 7866 7310 8096 6608 5817 3808 7357 3319 9967 1424 9593 2513 758 3340 125 5831 8042 5176 3045 5684 5317 1768 8844 2821 9362 5923 8369 7021 7358 5713 2030 4514 105 3077 6762 3802 4906 982 6759 672 4187 6603 4009 8679 719 2763 3155 9585 9627 9328 9644 1340 6490 9257 8506 8918 264 935
84
8785 8893 5919 6190 7975 3879 652 6878 7736 6562 5530 1948 8884 1732 5498 2991 2642 5900 1948 4119 3334 1479 3064 8880 4130 8456 1673 342 6332 88 6199 1226 7106 2388 6779 3287 3156 3513 5197 2657 468 9242 9560 494 3938 7683 9194 4159 6393 8699 2338 2479 2825 4247 5214 7824 7846 5 3781 6218 2769 8949 3986 828 311 1060 3593 6135 8501 2886 8923 8784 5360 6875 9901 6101 4562 8986 4554 4954 7693 1273 3078 8846
69
481 1181 8873 9058 6757 1984 5804 2831 3964 6077 7943 6278 6308 7766 8905 3709 6922 766 505 5680 7312 9904 329 2897 9884 9190 9548 1276 4327 4489 8732 128 9215 6871 8248 5173 7379 8344 3138 5386 5053 112 4032 8795 8298 5139 613 2698 7019 1937 6209 4001 3293 546 9594 4022 8731 5135 3182 8606 2224 8878 981 9612 7163 7348 4671 8340 12034
35
1295 5358 9225 948 7088 213 613 5535 958 4947 5231 5242 9843 2209 9218 8760 5670 9080 2343 8535 4581 8754 9707 2440 5287 7056 7392 8747 9732 6509 1072 8253 6627 3626 15640
96
1155 4121 9785 9972 9333 4601 1181 367 9037 9329 2997 8763 5717 3924 6271 3227 4303 7420 7891 2087 538 6316 5949 582 2542 8617 1583 4276 1025 1051 2962 2525 3906 5047 3548 4340 3015 2451 1200 8393 3943 9351 7070 3151 846 6545 4030 2465 1043 1708 1529 8562 577 853 1464 1440 7663 4278 2097 4300 4682 6780 3310 3279 4455 2358 3414 3459 4794 7177 9592 2427 3669 3565 1443 5469 1001 7917 4885 3447 5970 3572 4626 2690 6026 8236 9960 8985 4466 9500 2103 8722 2363 8139 6792 6961
68
8869 7243 4868 8247 9920 5752 9928 5214 2487 2092 1514 4359 946 122 9503 8515 9613 3869 5195 2447 2720 8193 3225 7454 5249 6491 8182 6778 8149 480 7936 8630 4470 6858 8630 3388 6569 6136 27 9427 5681 2132 8572 1820 941 9430 6847 236 3354 200 5136 1740 9238 7938 3012 9086 4105 200 6960 3312 8867 5039 8227 9417 9111 8672 1013 3825
87
5213 7573 6507 7135 4964 9152 6366 9819 740 7298 3266 6347 2991 8557 3176 2625 7870 6381 2714 9959 9817 9772 3155 3671 4556 3484 7739 4694 622 3868 9110 6370 5167 5033 5985 8475 8895 4214 830 3614 6506 6345 1639 5276 4303 7034 4252 2844 7987 1235 8781 6548 440 8889 8526 1208 506 5654 6990 2500 4941 533 2725 5334 13 6839 8523 7572 7005 6093 4368 7364 9274 1544 5510 7990 621 5203 270 7298 5649 2594 9735 7795 2450 3753 11051
3
5644 8698 14326
60
5257 3849 5332 7649 9173 3319 1245 4698 1462 2824 3085 5170 7640 3898 4706 8986 7407 7360 1165 6356 789 2042 4694 1421 1212 2733 2943 3284 9269 9263 6623 2833 9312 2193 4814 6612 6639 3453 8001 4286 7935 8031 1917 6078 3150 2606 1775 6828 6493 9891 9544 9958 2293 1461 676 1048 8063 3672 6731 5740
15
4403 6090 5976 2397 2804 8326 7831 2593 6559 891 8153 9301 6437 2692 5361
82
2410 71 8941 4016 7297 5337 6548 2902 6359 5815 8525 6544 7186 3911 7296 473 6822 60 127 7146 9553 4991 4968 8737 1937 1920 1813 7165 8833 5464 9478 6 7329 1495 2065 6549 2788 9391 6076 9391 5615 8722 7839 8414 9595 1331 8793 1098 4967 4433 8106 60 3622 3166 2720 2152 8305 6414 7673 3084 7868 1068 5397 7707 6292 5143 9773 8425 2903 9490 2913 4063 6465 1070 7072 4068 426 3662 9296 4893 9979 673
41
2309 2994 4056 515 7726 4245 4953 2640 1845 501 479 3415 1668 1200 3215 1002 9724 678 2980 5730 6559 1519 78 5519 1350 4571 8657 33 613 3845 8229 114 6527 1931 5966 4782 6125 3511 6915 6097 239
60
4605 1721 9596 8909 3732 3886 1873 5616 7609 6345 9998 709 4379 2648 3978 5371 8227 8565 1250 1698 8149 244 722 7393 6616 9326 6766 9983 3061 6114 9380 1223 4876 8683 7823 3126 2565 8795 8379 6907 3964 5468 781 6428 5875 9344 9979 3254 9036 4471 9826 5210 409 6162 9217 9437 1677 7653 184 13563
85
3932 8319 6472 757 5427 5981 1460 8632 3782 9965 1703 5438 3925 69 9328 9746 5576 7368 6386 1258 8135 1107 8537 5539 43 1168 8537 5590 7924 820 8257 5842 5488 4732 7081 6604 1710 3927 5150 1681 3126 4303 1583 9289 9836 7773 5208 8010 8734 7532 2251 1188 5 9668 6552 6986 4658 1364 5814 4206 7828 4046 612 6060 3603 3706 4700 4606 4402 4227 7776 5172 5490 6991 7441 4290 7302 8278 6662 9445 4568 9158 5496 1456 663
9
2315 3515 1766 7634 1333 9652 3660 5633 935
75
800 4221 5983 5459 5510 9044 1110 5047 6127 5666 87 5744 7791 4876 6346 1026 6568 705 3294 1855 7496 3965 1010 1652 5290 5346 2837 9669 3564 5989 6233 1770 6918 8140 9288 2497 5166 3588 722 6656 9719 3404 3811 6196 8181 4592 1527 4654 8720 371 7291 7404 1804 3227 705 8626 8831 596 664 9341 4654 7057 7582 1640 9985 4873 4440 5031 3189 734 239 7478 6175 6726 12282
69
6629 9319 4135 1904 4668 4436 8531 7454 8198 7635 8419 7937 9513 8613 5367 677 7402 8826 7784 920 2559 3146 2197 3372 1023 9747 9402 9775 6628 2978 8677 8408 2968 2985 9333 6521 1598 8815 7243 9307 641 1620 2893 9929 8534 3296 6181 6079 8929 8029 3900 7828 7282 1851 149 3314 1900 3611 8462 33 8086 5787 6939 7282 4605 5705 8352 198 674
85
7727 3925 3376 6157 7843 91 9181 3012 4646 181 993 1753 9799 7641 4465 1268 5915 6668 7213 1353 6267 4915 9171 170 4602 2923 5193 8467 3716 3978 2245 1995 4694 729 2336 5679 6826 3877 8711 1207 9332 970 8273 6415 8390 8209 473 8350 2384 3099 4181 9633 5946 7445 5773 9806 1972 5386 3233 9703 6521 9942 8566 6062 7338 1342 7060 8855 5458 8014 9540 8999 652 1514 376 7636 5333 3856 1644 5378 8439 9543 1532 3397 7948
48
6924 4008 6561 4973 124 9522 5785 3408 9095 324 6833 3538 3491 8645 4390 6716 157 1627 5103 534 8275 6094 2091 4292 789 1048 2044 5816 2115 5480 6648 9161 25 6623 9298 1162 2852 8142 3751 2004 9437 4534 4118 4540 4531 6419 6336 15115
95
9147 386 3129 323 960 9648 4734 1416 7816 7559 418 6763 306 4068 8198 787 3329 247 1423 7463 42 9073 1461 7862 9226 8308 8350 1158 2166 8565 3592 7296 4552 8532 8007 7900 2459 2612 4642 6423 9294 4301 4062 7537 158 4751 3813 1292 8542 1708 7493 9404 3228 4353 7709 8644 4001 1865 4920 2142 4548 4949 6026 966 3617 204 4193 5257 587 4442 5596 8285 7362 6628 1928 8939 273 5901 1039 8907 6220 5734 5820 9424 5249 4408 9647 2536 7577 3828 6029 9663 1974 1078 10513
74
6997 2002 4910 8661 2263 7067 7032 2933 1135 2594 213 2194 2862 4287 8464 1419 8521 6571 481 3092 3515 1887 3147 3996 7573 1145 2797 3637 1862 4476 2602 9252 165 1528 2636 9597 4323 2628 7063 3141 7390 691 7047 422 2948 9563 3771 5145 4420 1829 8340 4013 330 679 1584 2162 4676 9435 5117 2528 5732 4027 8533 1582 155 9164 3122 3169 1550 907 2451 6509 7602 8277
54
8362 2786 9192 6767 8757 3905 9340 7384 5806 3393 9794 5102 2081 3938 7496 4778 7918 8976 260 4422 2740 5739 4715 2556 3247 5711 9732 5056 6566 5271 3208 9512 3969 501 2487 8715 1655 325 1317 964 6531 5923 9266 7292 7298 996 5677 6 9716 7568 9374 5289 6512 2855
91
1260 5311 5925 8295 2933 4857 301 6793 769 90 2440 6689 4523 8625 7036 367 4569 4806 8909 9805 1175 8583 2466 7733 781 8773 8232 7225 9420 4530 8819 9651 392 8669 2419 2457 1767 736 8371 8648 2869 3757 1653 7050 9922 9445 2607 3807 313 8516 3317 7396 5430 5895 3101 7361 766 6960 9668 8641 1947 9892 5297 5624 4197 2497 1359 825 643 6638 8699 4325 413 5153 9242 2806 9751 3127 220 6570 1616 6826 1013 2522 9340 4420 1744 8095 117 9393 804
48
3988 6064 4607 6054 5172 6104 6551 7300 3341 6634 7629 6277 2313 2979 67 5611 2854 4517 3996 275 3393 3543 5170 7103 4407 2561 1567 2076 7335 5888 1674 5515 4772 2882 7067 7697 5846 2074 1903 5921 1674 2004 9876 8399 7649 629 4808 4124
56
9300 6299 3899 1919 831 1511 3990 1084 1187 5835 8585 5458 9278 1136 7017 6777 1720 7175 7269 445 6684 3689 794 2212 1983 4390 3507 1559 2304 3553 1674 8513 9834 3470 1637 6750 1038 8553 3810 8046 7826 2849 6707 1167 5971 2370 5557 1224 7657 7174 7219 5489 4807 9284 6709 1659
10
5725 197 7361 2105 1002 1905 4114 7854 9618 11733
100
2154 1395 1300 2879 3271 7537 7676 2580 1992 280 4343 7707 1471 2692 8166 5700 9571 6727 4176 7205 6132 3059 8878 7333 8003 5420 5365 3381 2418 6037 2506 5442 4873 4966 9077 4071 3911 8662 9849 2370 7636 58 8907 7011 2462 694 8321 3845 6866 2783 1268 1806 847 4777 1540 6881 5330 9290 1670 3117 1290 6297 6341 1095 3132 8463 9907 741 8979 726 6908 9096 985 9006 2216 9582 8522 4490 1299 2054 1198 3706 9832 1131 3701 9447 4949 1203 1686 3564 2060 5052 5876 8616 4274 4608 9474 4670 2207 11563
25
5457 1412 1135 9637 7037 1590 1447 6497 6757 7210 8368 3740 3816 1872 8058 984 9074 3575 5099 5354 2444 2990 4581 15 14247
85
4718 4103 4255 2226 7216 9188 2855 8413 7787 8576 2396 2095 7867 1012 9696 762 463 7134 8762 6617 853 6304 7979 8064 1466 3391 4506 6765 9172 4815 2512 9301 9827 3724 9443 4648 1063 535 2594 1129 7043 958 3940 1557 454 9573 5158 3893 8014 5180 5168 5830 9004 5984 9265 9150 4843 227 1658 9296 1506 8800 1017 3508 5996 3924 9457 9163 4349 3039 7874 2656 1754 7383 251 8288 5192 2290 4140 6506 2610 9687 4396 4373 9434
85
432 802 5265 5396 8087 5848 1554 2031 5345 1857 8026 9640 6689 6180 5206 7428 5218 534 198 1339 3899 5558 7062 5214 9027 2026 4804 1791 7104 9822 3369 6143 8391 7630 2077 5282 4238 5359 4617 5799 5792 9967 4332 9245 3265 681 6804 4871 6719 265 9146 7467 4100 7108 7408 6360 7740 3692 9636 5804 9941 3497 574 5851 4082 192 8506 4636 7061 2366 2134 483 396 9307 8445 5649 5501 8025 4994 6359 2603 2284 1197 6787 1453
