99
2
2 1
3
1 3 2
4
2 1 4 3
4
1 2 3 4
4
1 2 4 3
4
1 3 2 4
4
1 3 4 2
4
1 4 2 3
4
1 4 3 2
4
2 1 3 4
4
2 1 4 3
4
2 3 1 4
4
2 3 4 1
4
2 4 1 3
4
2 4 3 1
4
3 1 2 4
4
3 1 4 2
4
3 2 1 4
4
3 2 4 1
4
3 4 1 2
4
3 4 2 1
4
4 1 2 3
4
4 1 3 2
4
4 2 1 3
4
4 2 3 1
4
4 3 1 2
4
4 3 2 1
1000
1 2 3 4 5 6 7 8 9 10 891 12 13 14 15 16 17 18 19 20 21 22 23 24 25 26 27 28 29 30 491 32 33 34 35 36 37 349 39 893 41 42 43 44 45 46 47 48 49 50 51 52 53 54 55 56 57 58 59 60 61 62 63 64 169 66 67 68 836 70 71 72 73 74 978 76 77 78 79 80 356 82 756 84 85 86 87 88 89 90 91 92 93 94 95 607 97 98 354 100 101 102 103 104 105 106 107 108 109 110 111 112 113 114 115 116 117 118 119 120 121 122 123 124 125 498 127 128 129 130 131 737 133 630 135 136 137 138 139 140 141 142 143 144 145 146 147 148 149 150 151 152 153 154 155 156 157 158 159 160 161 162 163 353 315 822 167 330 65 854 171 172 173 174 175 176 177 178 179 180 181 182 183 184 185 186 187 188 189 190 191 192 193 194 195 196 699 198 199 200 201 202 203 204 205 307 363 208 209 210 211 212 213 801 215 216 217 218 219 220 221 222 223 301 225 226 227 228 614 782 231 232 233 234 235 775 237 348 332 338 845 653 967 244 245 246 247 248 249 250 251 252 795 254 255 256 257 258 259 260 261 262 263 264 265 266 267 268 269 270 271 272 273 274 275 276 277 278 279 280 281 282 283 284 285 286 287 288 289 290 291 292 293 294 295 296 297 298 610 589 224 302 303 304 305 306 206 308 309 310 311 312 313 314 165 316 317 318 319 320 321 322 323 324 325 326 327 328 329 168 331 239 333 334 335 336 337 240 339 340 666 342 343 871 345 346 347 238 38 350 351 352 164 99 355 81 357 358 359 360 361 362 207 364 365 366 367 368 369 370 371 372 373 374 375 376 377 378 379 380 381 382 383 384 543 386 387 388 389 390 391 392 393 394 794 396 397 398 399 400 401 402 403 404 405 406 407 408 409 410 411 412 413 414 415 416 835 418 419 420 421 422 423 847 425 426 427 428 429 430 431 432 433 434 435 436 437 438 439 440 441 442 443 444 445 446 447 448 449 450 451 452 453 454 455 456 457 458 459 460 461 462 463 464 465 466 467 468 469 470 471 472 473 474 475 476 477 478 479 480 481 482 483 632 485 486 487 551 489 490 31 864 493 494 514 496 497 126 499 500 501 502 840 504 505 506 507 508 509 510 511 512 513 495 515 516 517 518 519 520 521 522 523 524 525 526 527 528 529 530 531 532 533 534 535 536 537 538 539 540 541 542 385 544 545 546 547 548 549 550 488 552 553 554 555 556 557 558 559 560 561 562 563 564 565 566 567 568 569 939 571 572 573 574 575 576 577 578 579 580 581 701 583 584 585 586 587 588 300 590 591 592 593 594 595 596 597 598 599 600 601 602 603 604 605 606 96 608 609 299 611 612 613 229 615 616 617 618 619 620 621 622 623 624 625 626 627 628 629 134 631 484 633 634 635 636 637 638 639 640 641 642 643 644 645 715 647 648 649 650 651 652 242 654 655 656 658 657 659 660 661 662 663 664 665 341 667 668 669 670 671 672 673 674 675 676 677 678 679 680 681 682 683 684 685 686 687 688 689 690 691 692 693 694 695 696 697 698 197 700 582 702 703 704 705 706 707 708 709 710 711 712 713 714 646 716 717 718 719 720 721 722 723 724 725 726 727 728 729 730 731 732 733 734 735 736 132 738 739 740 741 742 743 744 745 746 747 748 749 750 751 752 753 754 755 83 757 758 759 760 761 762 763 764 765 766 767 768 769 770 771 772 773 774 236 776 777 778 779 780 781 230 783 784 785 786 787 788 789 790 791 792 793 395 253 796 797 798 799 800 214 802 803 804 805 806 807 808 809 810 811 812 813 814 815 816 817 818 819 929 821 166 823 824 825 826 827 828 829 830 831 832 833 834 417 69 837 838 839 503 841 842 843 844 241 846 424 848 849 850 851 852 853 170 855 856 857 858 859 860 861 862 863 492 865 866 867 868 869 870 344 872 873 874 875 876 877 878 879 880 881 890 883 884 885 886 887 888 889 882 11 892 40 894 895 896 897 898 899 900 901 902 903 904 905 906 907 908 909 910 911 912 913 914 915 916 917 918 919 920 921 922 923 924 925 926 927 928 820 930 931 932 933 934 935 936 937 938 570 940 941 942 943 944 945 946 947 948 949 950 951 952 953 954 955 956 957 958 959 960 961 962 963 964 965 966 243 968 969 970 971 972 973 974 975 976 977 75 979 980 981 982 983 984 985 986 987 988 989 990 991 992 993 994 995 996 997 998 999 1000
5
1 2 3 4 5
38
1 36 16 37 17 14 7 2 27 5 4 11 13 18 24 6 3 22 19 20 21 35 8 30 25 31 32 28 29 15 9 12 33 34 10 26 23 38
32
1 2 3 29 5 6 24 19 9 22 11 12 8 14 15 16 17 18 13 20 21 30 23 7 25 26 27 4 10 28 31 32
998
660 617 969 324 253 560 898 414 93 384 328 751 421 389 530 978 915 380 630 709 918 378 699 942 714 88 280 860 353 208 793 209 486 39 636 290 314 332 34 308 698 945 715 327 417 230 796 658 772 980 521 865 750 653 940 347 759 173 594 325 318 995 177 757 448 404 716 908 900 346 98 828 892 483 179 207 615 564 997 517 102 489 678 442 255 847 515 26 872 254 762 251 9 302 845 601 581 71 556 357 292 81 628 853 435 138 259 725 697 798 832 904 293 791 612 947 272 590 882 127 282 132 917 726 195 618 120 261 578 742 506 122 492 963 986 888 792 106 959 808 336 801 145 453 143 295 989 672 377 445 310 597 613 992 429 961 722 635 481 424 823 510 466 271 962 960 522 398 836 388 371 657 58 181 894 949 63 625 75 878 174 950 201 682 695 712 929 220 685 619 705 256 470 439 125 420 317 805 432 523 183 270 661 480 551 287 76 30 32 296 223 422 298 923 250 669 273 363 690 188 382 294 211 728 512 379 998 238 536 46 951 993 411 901 824 312 511 228 534 505 449 561 260 733 880 603 879 981 946 215 92 621 5 90 85 192 647 360 107 243 128 734 754 558 902 576 586 544 504 202 164 117 217 654 553 971 488 498 956 27 811 121 381 462 355 926 206 863 763 36 585 101 113 222 146 210 520 213 768 914 861 94 817 790 719 967 884 40 545 151 444 236 804 37 390 968 197 61 890 813 680 869 648 4 60 639 44 11 767 335 782 38 516 602 330 141 794 717 675 693 407 524 468 752 935 70 56 531 513 527 844 988 29 452 285 735 100 663 431 258 930 552 218 896 964 607 909 482 727 696 171 867 567 906 876 471 149 22 226 18 283 221 982 10 903 591 764 170 14 315 835 562 497 933 496 543 739 168 401 598 399 911 550 66 691 937 341 711 875 473 233 599 692 8 955 970 45 708 756 196 13 212 944 160 532 684 484 433 155 593 359 199 428 446 105 761 773 994 194 991 671 84 789 311 150 434 572 65 241 667 579 354 144 753 668 943 641 707 677 927 921 284 549 688 747 163 623 343 485 193 376 851 410 723 600 881 645 857 662 204 159 368 74 427 469 33 887 277 82 837 525 133 518 795 966 395 393 278 870 905 810 565 557 269 240 131 850 704 537 162 237 225 349 610 87 333 80 493 818 297 51 167 200 342 491 666 350 866 665 15 348 425 952 239 769 229 509 877 760 634 547 841 396 268 309 627 541 622 463 403 205 362 275 765 855 99 503 264 681 6 242 392 785 78 502 831 373 990 589 806 758 447 731 706 583 266 587 129 451 710 97 812 575 827 291 267 577 780 569 118 386 720 430 59 928 807 152 400 412 475 96 334 246 854 740 984 366 976 985 514 852 115 153 743 77 770 2 126 190 973 252 548 467 910 178 948 546 103 779 19 738 676 819 540 158 35 859 787 326 893 457 864 925 694 477 729 257 323 721 846 919 781 54 274 736 683 172 48 744 1 203 479 358 977 529 526 450 455 216 766 441 148 891 803 339 632 459 83 700 321 559 184 656 426 189 746 800 464 907 219 405 413 340 644 185 370 109 41 23 679 932 958 833 508 191 574 458 418 20 580 408 186 815 25 43 67 338 920 305 592 649 157 474 965 108 124 369 224 646 972 573 899 244 262 356 655 873 631 397 605 843 130 614 659 922 686 465 938 838 53 12 344 454 263 814 419 64 571 57 539 436 91 289 387 554 670 329 299 535 616 979 49 437 889 957 934 987 941 629 588 652 331 883 797 563 858 638 953 443 304 114 137 31 337 494 47 784 110 931 687 142 809 674 313 198 570 596 140 802 501 281 582 320 755 713 830 303 519 633 974 829 895 161 235 913 912 584 72 821 816 566 111 703 924 391 169 490 749 840 839 542 871 741 351 95 650 86 939 897 507 472 611 104 604 555 886 478 786 637 28 301 954 288 642 52 528 372 975 322 499 842 89 737 936 409 375 538 180 247 245 476 119 783 307 916 856 487 136 774 319 673 73 640 175 822 364 849 7 732 69 234 265 385 112 500 374 689 68 367 624 402 826 825 300 17 885 123 21 651 718 461 745 214 834 643 286 460 595 187 361 799 701 394 776 345 874 406 748 848 55 778 24 456 423 42 249 116 626 176 182 231 533 788 862 415 279 775 702 139 166 156 165 134 365 724 495 306 316 3 416 276 730 620 820 868 608 664 16 771 50 248 383 996 606 609 135 777 352 147 568 440 154 232 438 62 983 79 227
17
17 1 16 5 4 6 7 8 3 10 11 12 13 14 15 2 9
4
1 2 3 4
1
1
998
104 594 449 54 260 140 793 69 345 684 603 631 192 178 262 486 663 602 628 721 674 871 747 752 842 214 253 808 863 849 711 303 691 103 312 31 890 236 974 814 393 702 659 125 770 466 472 919 958 160 477 713 653 376 889 180 456 545 951 925 246 3 763 96 563 324 241 742 645 547 950 610 665 901 418 26 404 835 344 688 451 306 203 809 552 690 11 560 640 382 499 242 81 304 549 673 16 218 492 585 232 597 693 589 571 287 935 618 289 953 494 869 657 109 543 943 666 309 498 406 357 753 914 698 407 595 342 459 68 230 108 475 837 824 944 490 99 245 228 554 893 756 709 82 557 266 898 212 827 551 548 712 476 132 664 517 962 661 463 267 848 864 67 259 398 719 415 14 394 210 529 622 992 298 985 954 356 21 325 25 337 532 916 853 760 584 219 383 538 609 18 876 911 302 854 293 825 143 151 320 776 182 754 142 288 778 844 878 414 650 375 593 617 368 870 856 196 833 718 386 682 983 917 553 421 318 116 830 101 531 586 86 500 811 892 455 427 424 411 341 369 300 71 79 607 534 204 22 678 291 97 137 736 378 94 758 458 787 365 377 148 694 474 42 840 1 537 417 575 879 221 371 366 118 331 525 633 240 362 956 800 502 579 135 470 751 744 283 252 397 677 248 669 100 361 24 576 839 725 464 940 969 843 613 785 126 488 409 913 258 402 426 311 996 587 689 959 522 401 851 739 405 526 412 277 297 61 655 514 121 469 9 967 566 629 360 129 813 197 173 960 442 987 790 213 729 558 865 789 279 247 399 646 425 949 544 146 131 19 75 926 504 106 875 764 487 321 199 83 330 483 680 198 672 805 562 305 346 921 175 868 420 604 243 710 772 972 826 184 957 350 823 900 167 556 77 358 254 952 216 387 172 98 323 715 755 506 235 460 453 979 601 804 250 977 276 550 577 138 497 493 612 700 886 564 177 468 660 124 206 448 435 186 227 745 995 773 294 208 896 93 165 179 95 457 781 679 533 515 762 15 626 592 632 598 616 899 931 333 201 44 638 651 942 907 668 347 481 828 65 802 110 364 855 858 692 738 647 741 894 53 922 112 961 634 717 339 316 832 980 153 636 519 812 351 861 215 501 973 27 565 30 280 567 207 799 696 348 396 981 649 820 966 299 905 190 392 224 272 536 268 883 699 63 379 740 860 239 528 193 761 897 12 166 251 829 389 422 722 930 779 88 80 62 314 915 261 335 256 332 57 841 662 462 390 768 257 903 60 388 308 732 578 727 572 391 373 28 590 39 73 367 994 128 606 705 821 968 796 850 887 225 163 624 290 461 443 127 857 72 7 313 989 795 255 4 623 380 735 819 141 403 194 978 510 349 993 495 237 209 8 123 542 473 144 334 941 964 792 480 187 731 891 87 10 48 43 945 310 107 667 769 676 599 229 454 161 66 670 723 720 933 38 205 932 991 102 955 115 282 152 465 780 524 846 436 637 174 687 884 319 441 757 355 32 520 479 619 326 76 775 439 159 363 20 233 33 970 511 64 147 231 643 450 315 244 982 671 656 918 134 29 681 988 113 706 817 503 784 45 17 234 704 416 518 191 928 89 52 6 596 445 946 372 939 815 867 385 818 90 509 508 555 521 58 130 583 374 948 794 530 621 523 658 222 620 748 284 410 695 909 701 708 847 270 568 189 491 654 281 419 685 354 630 133 55 286 803 639 301 836 496 114 986 791 777 888 859 428 295 370 765 307 384 774 615 105 23 807 929 150 444 516 340 810 912 56 432 512 644 641 936 265 801 273 13 885 683 737 85 750 274 540 873 217 570 452 176 734 924 381 154 703 400 269 923 513 111 902 278 714 171 611 2 635 413 984 264 328 561 47 220 728 423 642 37 484 181 573 782 117 434 927 91 707 862 158 749 797 249 588 507 471 482 975 200 92 446 34 395 35 145 574 934 798 51 271 625 786 296 478 41 149 816 329 838 569 139 806 998 162 527 122 614 608 169 906 185 440 438 872 881 5 408 652 759 164 430 353 724 895 431 317 70 336 429 327 648 168 119 120 963 275 910 49 675 783 766 437 170 767 822 904 788 263 156 686 155 908 605 716 223 730 40 74 971 581 226 831 84 352 285 546 485 36 845 743 46 467 78 947 195 627 580 990 157 746 59 733 877 136 591 447 920 852 539 541 292 211 535 343 697 338 976 359 202 582 726 50 938 489 874 937 997 965 505 188 183 866 882 433 559 771 880 600 238 834 322
41
20 2 3 1 5 6 7 8 28 10 11 12 13 14 15 16 32 18 19 30 40 22 23 24 25 26 27 35 29 4 31 21 33 34 9 36 37 38 39 17 41
13
8 6 3 4 2 11 7 1 9 10 5 12 13
1000
651 725 771 307 984 768 249 976 939 471 293 812 950 921 872 849 689 825 693 42 842 634 27 927 913 16 93 509 459 933 735 355 615 685 597 285 278 428 135 937 6 13 351 841 892 642 861 95 684 26 439 105 828 268 865 242 643 992 144 482 18 677 695 983 441 318 951 330 748 186 316 118 765 564 645 274 534 622 893 116 190 53 476 584 265 319 822 168 153 465 271 12 764 724 608 880 251 423 19 454 288 517 702 766 277 619 578 633 450 408 384 165 196 171 679 199 863 406 930 609 931 372 511 911 375 500 556 453 417 555 179 806 397 543 525 432 78 125 442 344 512 733 548 142 906 369 56 873 82 895 214 877 231 218 424 250 383 851 314 456 127 694 717 626 361 606 192 392 430 411 696 839 136 494 713 902 390 28 207 998 915 210 565 47 701 407 514 706 359 260 943 5 103 65 33 32 262 761 301 114 185 726 488 209 585 985 299 778 320 64 335 680 876 663 149 489 572 885 579 418 759 346 871 649 843 934 350 823 536 244 917 755 480 568 163 219 995 655 436 624 853 638 380 908 235 461 43 847 54 833 334 569 526 204 574 731 790 604 348 92 495 602 637 164 703 668 225 474 189 652 68 657 115 729 109 241 126 743 520 598 363 264 492 491 31 795 789 217 855 349 490 791 221 954 712 147 228 150 83 971 767 162 961 683 955 58 553 443 640 305 639 9 44 440 352 635 896 446 744 819 425 690 233 333 551 296 419 484 101 386 438 444 974 498 616 653 206 815 272 329 303 371 687 112 122 38 868 754 636 282 119 86 905 884 67 20 291 621 964 972 420 552 799 756 692 719 711 338 838 508 774 852 257 63 40 117 107 914 846 946 74 699 57 393 554 208 516 317 80 991 25 940 159 593 617 373 678 41 485 979 734 816 529 133 559 287 891 364 804 958 61 463 920 222 612 837 779 793 280 777 887 71 862 76 796 923 77 967 576 803 560 589 827 962 751 965 201 997 882 232 826 85 659 831 30 403 737 686 322 248 541 561 263 452 422 821 191 941 773 900 69 212 788 667 376 504 7 113 458 464 198 289 4 216 391 473 935 720 340 297 730 673 365 160 409 646 81 518 234 132 36 607 239 582 899 566 141 632 226 486 835 535 493 129 267 66 957 98 134 477 883 736 987 183 180 869 62 157 590 75 809 23 810 738 97 14 245 558 583 993 592 594 237 549 111 220 487 48 70 96 306 848 628 455 110 339 644 400 227 247 368 59 977 611 605 8 433 681 521 721 762 567 629 2 546 469 309 269 275 926 999 960 51 412 563 378 947 229 758 531 104 143 238 610 944 994 775 850 757 50 894 39 742 259 672 728 336 429 100 662 854 928 354 211 290 106 502 435 315 557 205 527 522 929 91 182 591 980 647 472 188 155 599 73 613 867 889 374 388 398 253 298 781 919 750 782 321 353 194 575 840 770 483 875 462 358 172 279 145 451 466 732 177 533 496 175 470 21 747 834 704 332 178 270 982 181 519 550 174 886 331 811 99 35 284 797 648 813 746 324 497 396 901 124 537 669 88 1 675 382 794 620 294 246 479 273 538 718 691 832 898 108 84 824 151 530 727 671 586 29 255 666 510 600 140 801 966 341 158 381 302 252 542 661 570 240 938 343 345 243 362 173 326 760 870 79 200 347 956 787 254 323 121 860 859 857 630 539 723 3 745 975 918 90 577 618 716 664 722 656 187 427 167 266 532 808 749 203 968 410 523 888 22 87 698 506 394 413 864 399 385 193 170 904 890 311 580 945 818 169 858 990 571 357 603 15 524 845 416 283 798 805 292 688 753 830 785 130 932 256 431 507 146 989 166 328 836 89 897 925 763 528 366 969 665 377 856 952 437 148 276 94 709 783 152 52 903 468 261 17 213 807 581 426 1000 948 786 573 304 829 625 481 131 445 37 817 281 587 137 34 215 878 313 236 11 447 707 784 907 513 421 395 739 562 710 300 780 102 515 623 24 631 356 60 258 936 389 752 202 49 402 714 460 457 128 295 138 414 310 601 641 674 286 981 959 844 545 596 154 820 682 337 415 404 715 505 312 912 156 478 434 909 658 942 367 370 792 988 547 342 588 540 996 230 467 120 614 449 308 705 45 740 405 379 741 650 503 802 139 676 970 697 327 325 874 953 224 195 670 387 700 879 595 814 654 161 776 922 881 800 910 72 501 544 223 627 708 46 123 866 499 448 949 401 176 660 986 772 978 55 963 475 916 197 184 360 769 10 973 924
5
1 4 2 3 5
998
498 292 953 137 567 716 711 688 266 788 494 957 518 550 222 355 684 186 958 734 664 491 548 677 482 605 185 930 636 587 989 679 736 366 96 964 134 945 379 622 787 676 487 158 874 658 961 261 335 895 215 465 68 914 77 321 175 864 680 704 859 463 632 279 313 111 759 53 911 907 195 540 294 459 115 982 55 418 125 994 804 512 566 591 374 448 286 227 104 274 770 580 204 861 149 35 216 629 440 725 843 875 200 89 194 699 445 623 236 599 66 293 324 825 75 492 802 573 833 682 209 764 652 709 79 157 960 565 592 917 356 924 850 37 493 551 4 211 322 444 501 835 578 619 756 830 768 323 95 506 489 557 897 296 776 988 126 44 443 456 638 218 478 457 549 784 310 352 543 535 267 698 667 460 57 431 916 799 889 326 940 368 842 208 27 18 758 905 754 247 654 729 552 105 71 401 657 278 753 103 852 509 388 93 674 720 519 184 121 521 138 943 791 996 51 97 579 162 538 472 408 15 745 617 384 524 88 681 671 258 382 885 485 807 653 109 280 244 817 606 264 702 343 238 769 598 190 779 858 390 751 479 394 405 577 464 851 230 647 900 48 713 427 241 775 9 171 454 300 644 337 773 600 90 651 439 291 198 64 237 926 627 992 428 423 87 693 562 625 631 277 2 112 73 925 154 590 611 965 269 661 710 593 385 884 824 436 602 981 167 596 613 65 979 772 691 946 581 403 978 56 139 148 113 863 180 351 865 603 365 731 387 386 760 49 750 271 496 505 616 675 878 243 929 831 786 533 515 393 588 327 168 949 853 16 131 913 966 539 570 396 719 686 650 330 34 714 182 936 419 947 893 495 85 932 516 712 881 39 877 534 231 642 225 304 333 332 203 468 250 639 426 349 253 921 361 820 738 967 624 196 453 319 749 254 765 848 221 708 828 584 826 420 433 645 522 545 78 370 413 563 724 285 970 890 392 263 284 690 783 176 497 414 841 687 307 595 476 276 99 462 808 159 140 107 455 672 86 806 555 902 955 402 268 446 160 164 502 74 174 767 441 62 256 52 526 879 389 771 956 662 220 700 614 740 438 952 163 252 649 589 25 746 951 233 962 43 920 151 607 22 116 135 11 373 338 432 1 646 748 141 458 819 800 339 150 586 866 202 755 975 82 737 809 348 376 542 13 207 707 210 416 726 226 561 466 697 805 844 641 795 903 347 381 170 933 541 219 359 72 537 517 169 559 417 774 829 23 165 14 136 193 934 928 450 908 152 990 544 585 525 288 421 742 128 83 5 601 701 360 666 743 118 803 621 801 255 143 217 92 318 757 815 411 560 507 30 350 481 297 84 129 303 985 437 311 633 246 110 273 568 308 329 656 26 240 490 845 888 942 298 670 312 474 872 340 224 954 144 813 575 40 108 400 289 839 282 705 98 721 290 63 597 782 939 29 821 161 391 665 530 383 696 270 415 499 259 739 480 364 275 123 235 191 834 604 197 46 838 937 301 471 732 21 640 571 173 986 892 612 229 447 995 205 341 42 24 718 32 59 228 120 790 17 860 363 435 8 777 429 316 827 287 896 938 643 527 172 106 473 569 242 973 60 628 849 520 409 124 302 7 377 262 367 899 6 847 678 362 206 630 856 882 422 100 523 912 997 192 811 331 663 780 20 832 33 513 398 648 475 901 564 572 883 223 483 873 500 404 336 251 963 199 189 510 145 582 187 67 334 983 778 871 122 406 870 461 147 245 91 469 315 272 546 265 155 689 762 248 733 823 634 430 166 919 346 41 10 818 683 213 971 909 837 531 984 836 846 178 504 576 117 574 81 528 449 234 442 514 922 730 918 620 977 583 993 239 789 503 397 637 980 781 306 114 412 692 410 547 146 345 735 119 655 142 797 794 659 626 968 434 183 101 529 608 798 717 407 706 133 257 201 354 972 976 722 915 249 61 685 94 876 325 58 328 508 887 998 991 766 763 615 747 45 102 862 380 342 467 891 378 723 744 305 232 959 867 609 179 425 880 669 372 987 50 694 153 950 715 260 741 451 532 941 188 969 70 556 793 944 69 727 357 54 857 177 130 812 785 488 395 810 935 132 295 281 974 554 344 28 948 375 536 553 923 369 660 695 635 181 904 610 212 910 38 317 371 931 353 898 484 477 3 618 452 470 12 19 886 127 47 486 752 36 299 358 399 840 906 424 792 854 703 927 511 855 814 320 314 822 309 76 761 796 594 668 894 156 31 558 869 283 816 80 673 214 728 868
47
1 33 37 20 19 36 35 40 45 15 39 18 14 31 46 16 25 38 30 3 7 6 23 24 13 10 41 11 43 47 27 29 17 28 26 44 5 8 34 4 2 42 9 22 32 12 21
46
1 43 3 32 23 38 7 24 9 11 27 2 13 26 18 25 17 33 19 39 46 22 8 6 21 5 31 28 36 41 14 4 15 34 20 12 30 10 16 37 44 42 35 40 45 29
1000
1 509 3 4 5 236 7 8 9 10 320 12 583 966 15 16 17 18 19 20 21 22 811 24 25 26 27 28 415 30 31 389 33 34 35 36 837 38 743 40 41 42 589 44 45 46 47 48 49 50 51 52 53 203 55 56 57 58 59 174 61 62 63 64 65 373 67 68 786 70 71 514 73 74 75 76 77 78 651 80 81 82 83 84 85 86 87 88 89 90 91 92 93 94 95 96 550 98 99 100 101 102 103 104 105 106 107 108 109 110 111 899 113 114 115 116 117 118 119 120 121 122 123 558 125 876 127 128 129 130 131 132 133 784 135 136 137 138 139 140 141 142 143 666 145 146 147 148 149 150 151 152 153 154 155 156 157 158 159 160 161 162 163 164 165 166 578 168 169 554 171 172 173 60 175 909 177 178 179 781 181 182 183 184 185 186 187 188 189 190 191 192 193 194 195 196 713 198 199 200 201 202 54 204 205 206 207 208 209 210 211 212 213 214 215 926 772 218 219 220 221 222 223 224 260 226 227 228 559 230 231 232 233 234 235 6 237 238 239 240 241 242 243 244 245 246 247 248 808 250 251 252 253 254 255 256 257 258 673 225 261 262 263 264 265 266 267 923 269 270 271 272 273 274 275 276 277 278 279 280 281 282 283 284 285 286 287 288 289 290 346 292 293 294 295 296 297 298 299 300 301 302 303 439 305 306 307 308 309 432 311 312 973 314 315 316 317 318 319 11 321 322 323 324 325 326 327 328 329 330 331 332 384 334 335 336 337 338 339 340 341 342 343 344 345 291 347 348 349 350 351 352 353 354 355 356 357 358 359 360 361 362 363 364 365 366 367 368 995 370 371 372 66 374 375 376 377 598 379 380 381 382 383 333 385 386 387 388 32 390 391 392 393 394 395 396 397 398 399 986 401 402 403 404 405 406 407 408 409 410 411 412 413 414 29 416 417 418 419 420 421 697 423 424 425 426 427 428 429 430 431 310 882 434 435 561 437 438 304 440 441 442 443 444 445 446 447 448 449 450 596 452 453 454 455 456 457 901 459 833 461 462 463 708 465 466 467 468 469 470 686 472 473 474 475 993 477 478 479 480 481 482 483 484 485 486 663 488 489 490 491 492 493 494 495 496 497 498 499 500 501 502 503 504 601 506 507 508 2 510 511 512 513 72 515 516 517 518 519 520 942 522 523 524 525 526 527 528 529 530 531 532 533 769 535 536 537 538 539 540 541 542 543 544 545 546 547 548 549 97 551 552 553 170 555 556 557 124 229 560 436 562 563 564 565 566 627 568 569 570 571 572 573 936 575 576 577 167 579 580 581 582 13 584 585 619 587 588 43 590 591 592 593 594 595 451 597 378 599 600 505 602 603 604 605 606 607 608 609 610 611 612 613 791 615 616 617 618 586 620 621 622 623 624 625 626 567 947 629 630 631 632 633 634 635 636 637 638 639 640 641 642 643 644 645 646 647 648 649 650 79 652 653 654 655 656 657 658 659 660 661 662 487 664 665 144 667 668 669 670 671 672 259 674 675 676 677 678 679 680 681 682 683 712 685 471 687 688 689 690 691 692 693 694 695 696 422 698 699 700 701 702 703 704 705 706 707 464 709 710 711 684 197 714 715 716 717 718 719 720 721 722 723 724 725 726 727 728 729 730 731 732 733 734 735 736 737 738 739 870 883 742 39 744 745 746 747 748 749 750 751 752 753 754 755 756 757 758 759 760 761 762 763 764 765 766 767 768 534 770 771 217 814 774 775 776 777 778 779 780 180 782 783 134 785 69 787 788 789 790 614 792 793 794 795 796 797 798 799 800 801 802 803 804 805 806 807 249 893 810 23 812 813 773 815 816 817 818 819 820 821 822 823 824 825 826 827 828 829 830 831 832 460 834 835 836 37 838 839 840 841 842 843 844 845 846 847 848 849 850 851 852 853 854 855 856 857 858 859 860 861 862 863 864 865 866 867 868 869 740 871 872 873 874 875 126 877 878 879 880 881 433 741 884 885 886 887 888 889 890 891 892 809 894 895 896 897 898 112 900 458 902 903 904 905 906 907 908 176 910 911 912 913 914 915 916 917 918 919 920 921 922 268 924 925 216 927 928 929 930 931 932 933 934 935 574 937 938 939 940 941 521 943 944 945 946 628 948 949 950 951 952 953 954 955 956 957 958 959 960 961 962 963 964 965 14 967 968 969 970 971 972 313 974 975 976 977 978 979 980 981 982 983 984 985 400 987 988 989 990 991 992 476 994 369 996 997 998 999 1000
2
2 1
44
3 42 34 23 10 6 27 8 9 5 11 12 13 19 15 16 43 24 33 20 14 22 29 36 17 26 40 28 1 30 2 4 7 21 35 31 37 38 39 18 41 25 32 44
32
1 2 9 4 5 21 7 8 11 10 27 3 13 14 28 16 17 18 19 20 6 22 23 24 25 26 15 12 29 30 31 32
998
72 885 432 832 911 742 669 711 945 608 274 7 854 242 32 175 413 524 260 100 459 43 162 82 104 978 953 171 833 975 374 207 523 40 18 10 227 992 106 919 748 600 167 116 316 81 834 933 882 690 234 134 371 792 877 875 737 739 586 583 615 628 64 53 496 676 397 74 29 929 440 450 874 465 636 694 795 294 815 510 678 483 98 241 143 275 849 981 869 934 123 893 347 261 950 743 16 514 335 48 190 594 921 734 119 9 312 337 17 270 595 456 605 353 150 77 554 662 437 377 421 27 350 189 319 632 232 907 438 597 530 579 492 55 292 797 34 548 564 290 63 837 238 157 44 272 733 944 764 616 364 719 775 37 995 696 113 383 590 149 516 349 367 977 654 97 870 979 625 961 930 531 120 947 280 269 623 194 650 923 388 693 673 398 513 515 443 899 705 39 394 618 137 56 495 697 328 60 941 428 596 224 198 627 643 699 498 709 340 411 49 289 603 22 502 228 732 825 188 358 493 291 839 645 789 122 611 966 463 403 860 993 960 163 139 93 534 201 326 193 965 727 332 109 535 918 57 23 236 94 472 831 581 520 142 233 536 209 723 545 599 288 521 146 913 258 121 26 311 488 811 200 71 807 75 774 714 401 926 651 250 906 67 629 570 407 972 145 735 497 500 128 631 512 107 124 862 644 740 309 842 659 856 848 479 883 770 948 598 826 174 867 847 25 15 704 691 176 800 1 486 824 588 560 861 434 410 426 851 556 752 339 896 900 184 859 460 329 461 417 91 368 791 180 474 768 111 677 247 229 404 387 630 963 687 257 777 728 105 223 179 354 197 221 336 587 983 939 576 845 592 982 187 506 276 604 519 879 330 392 866 954 557 400 481 220 755 469 313 873 343 661 959 253 222 935 771 663 302 990 90 767 620 295 624 880 386 360 172 718 331 841 858 141 341 117 466 538 446 47 749 823 452 215 178 382 613 370 716 626 915 527 467 810 33 522 19 584 897 476 762 765 688 50 509 431 526 753 304 801 888 213 372 473 318 736 478 173 2 406 725 186 973 546 444 297 816 746 219 949 751 761 998 974 670 889 182 617 477 773 852 489 205 231 642 648 375 843 649 287 871 710 968 602 895 819 943 729 551 211 653 203 447 61 482 255 436 922 780 376 689 87 101 503 543 424 14 155 263 284 334 853 208 891 580 435 455 89 395 988 226 31 703 352 118 453 152 399 778 724 612 821 829 572 667 804 997 204 574 346 327 273 914 487 448 996 783 666 555 310 902 641 324 501 393 582 881 127 840 138 357 314 195 750 805 131 494 550 246 52 760 671 45 449 701 73 485 887 759 619 202 567 713 365 199 177 507 561 36 281 268 408 539 927 951 511 13 955 323 855 822 160 135 154 83 462 920 458 962 695 769 876 390 396 214 969 537 571 454 414 664 88 684 305 151 890 244 58 635 864 986 924 683 946 59 928 575 471 68 46 984 237 129 164 747 278 786 264 731 937 168 430 296 658 549 148 802 782 369 8 271 504 578 573 286 217 796 818 894 108 54 820 942 779 638 940 373 342 28 338 758 563 776 559 798 5 480 429 956 672 307 239 366 568 652 389 409 553 185 601 857 544 720 787 112 130 384 322 785 830 814 315 144 380 808 715 42 306 6 470 402 245 528 484 235 65 419 499 577 970 529 181 308 490 451 541 266 325 892 589 240 114 741 212 147 132 345 781 277 925 95 225 533 917 420 621 726 836 102 301 259 971 812 441 591 41 794 518 989 491 412 508 457 639 381 569 517 103 256 3 169 976 566 788 216 321 938 218 96 980 344 660 80 931 717 362 799 668 813 585 850 165 348 254 99 359 692 844 70 609 159 248 763 904 835 115 262 868 772 681 675 252 156 282 994 610 110 196 886 251 730 320 464 405 700 905 136 744 562 333 540 21 987 838 809 916 442 445 303 299 267 379 909 593 78 967 191 62 863 756 249 706 92 708 76 425 427 285 356 754 183 153 679 803 300 355 279 468 910 633 542 685 634 738 85 158 903 682 140 686 361 558 655 790 745 24 423 964 230 827 656 657 125 722 547 525 475 932 702 606 898 872 293 957 901 846 985 11 30 391 166 552 757 126 622 680 363 991 84 206 422 439 958 646 385 721 66 418 908 828 712 532 665 317 865 647 243 170 505 265 298 20 793 378 936 38 192 69 86 161 637 133 51 283 912 415 12 4 614 817 79 35 565 707 806 884 351 698 640 674 952 210 607 433 416 878 784 766
34
22 26 1 17 34 2 21 13 10 24 3 32 11 19 33 28 18 5 16 9 30 4 14 7 6 15 8 12 31 25 20 29 23 27
45
1 10 23 3 41 15 7 25 27 9 11 37 34 14 12 24 17 5 19 18 31 22 42 6 35 26 32 16 29 40 44 30 8 4 43 39 36 38 33 21 20 13 2 28 45
999
1 2 3 4 5 6 7 8 9 10 11 12 13 14 15 16 17 18 19 20 21 22 23 24 25 26 27 28 29 30 31 32 33 34 35 36 37 38 39 40 41 42 43 44 45 46 47 48 49 50 51 52 53 54 55 56 57 58 59 60 61 62 63 64 65 66 67 68 69 70 71 72 73 74 75 76 77 78 79 80 81 82 83 84 85 86 87 88 89 90 91 92 93 94 95 96 97 98 99 100 101 102 103 104 105 106 107 108 109 110 111 112 113 114 115 116 117 118 119 120 121 122 123 124 125 126 127 128 129 130 131 132 133 134 135 136 137 138 139 140 141 142 143 144 145 146 147 148 149 150 151 152 153 154 155 156 157 158 159 160 161 162 163 164 165 166 167 168 169 170 171 172 173 174 175 176 177 178 179 180 181 182 183 184 185 186 187 188 189 190 191 192 193 194 195 196 197 198 199 200 201 202 203 204 205 206 207 208 209 210 211 212 213 214 215 216 217 218 219 220 221 222 223 224 225 226 227 228 229 230 231 232 233 234 235 236 237 238 239 240 241 242 243 244 245 246 247 248 249 250 251 252 253 254 255 256 257 258 259 260 261 262 263 264 265 266 267 268 269 270 271 272 273 274 275 276 277 278 279 280 281 282 283 284 285 286 287 288 289 290 291 292 293 294 295 296 297 298 299 300 301 302 303 304 305 306 307 308 309 310 311 312 313 314 315 316 317 318 319 320 321 322 323 324 325 326 327 328 329 330 331 332 333 334 335 336 337 338 339 340 341 342 343 344 345 346 347 348 349 350 351 352 353 354 355 356 357 358 359 360 361 362 363 364 365 366 367 368 369 370 371 372 373 374 375 376 377 378 379 380 381 382 383 384 385 386 387 388 389 390 391 392 393 394 395 396 397 398 399 400 401 402 403 404 405 406 407 408 409 410 411 412 413 414 415 416 417 418 419 420 421 422 423 424 425 426 427 428 429 430 431 432 433 434 435 436 437 438 439 440 441 442 443 444 445 446 447 448 449 450 451 452 453 454 455 456 457 458 459 460 461 462 463 464 465 466 467 468 469 470 471 472 473 474 475 476 477 478 479 480 481 482 483 484 485 486 487 488 489 490 491 492 493 494 495 496 497 498 499 500 501 502 503 504 505 506 507 508 509 510 511 512 513 514 515 516 517 518 519 520 521 522 523 524 525 526 527 528 529 530 531 532 533 534 535 536 537 538 539 540 541 542 543 544 545 546 547 548 549 550 551 552 553 554 555 556 557 558 559 560 561 562 563 564 565 566 567 568 569 570 571 572 573 574 575 576 577 578 579 580 581 582 583 584 585 586 587 588 589 590 591 592 593 594 595 596 597 598 599 600 601 602 603 604 605 606 607 608 609 610 611 612 613 614 615 616 617 618 619 620 621 622 623 624 625 626 627 628 629 630 631 632 633 634 635 636 637 638 639 640 641 642 643 644 645 646 647 648 649 650 651 652 653 654 655 656 657 658 659 660 661 662 663 664 665 666 667 668 669 670 671 672 673 674 675 676 677 678 679 680 681 682 683 684 685 686 687 688 689 690 691 692 693 694 695 696 697 698 699 700 701 702 703 704 705 706 707 708 709 710 711 712 713 714 715 716 717 718 719 720 721 722 723 724 725 726 727 728 729 730 731 732 733 734 735 736 737 738 739 740 741 742 743 744 745 746 747 748 749 750 751 752 753 754 755 756 757 758 759 760 761 762 763 764 765 766 767 768 769 770 771 772 773 774 775 776 777 778 779 780 781 782 783 784 785 786 787 788 789 790 791 792 793 794 795 796 797 798 799 800 801 802 803 804 805 806 807 808 809 810 811 812 813 814 815 816 817 818 819 820 821 822 823 824 825 826 827 828 829 830 831 832 833 834 835 836 837 838 839 840 841 842 843 844 845 846 847 848 849 850 851 852 853 854 855 856 857 858 859 860 861 862 863 864 865 866 867 868 869 870 871 872 873 874 875 876 877 878 879 880 881 882 883 884 885 886 887 888 889 890 891 892 893 894 895 896 897 898 899 900 901 902 903 904 905 906 907 908 909 910 911 912 913 914 915 916 917 918 919 920 921 922 923 924 925 926 927 928 929 930 931 932 933 934 935 936 937 938 939 940 941 942 943 944 945 946 947 948 949 950 951 952 953 954 955 956 957 958 959 960 961 962 963 964 965 966 967 968 969 970 971 972 973 974 975 976 977 978 979 980 981 982 983 984 985 986 987 988 989 990 991 992 993 994 995 996 997 998 999
36
1 16 3 4 6 31 7 8 28 2 11 12 13 14 9 19 17 33 10 20 21 22 23 24 25 26 27 18 29 30 15 32 5 34 35 36
35
1 2 3 4 35 6 7 23 9 10 11 12 13 14 16 33 17 18 19 20 21 22 26 24 25 8 27 28 29 30 31 32 5 34 15
997
1 2 3 4 5 6 7 8 9 10 11 12 13 14 15 16 17 18 19 20 21 22 23 24 25 26 27 28 29 30 31 32 33 34 35 36 37 38 39 40 41 42 43 44 45 46 47 48 49 50 51 52 53 54 55 56 57 58 59 60 61 62 63 64 65 66 67 68 69 70 71 72 73 74 75 76 77 78 79 80 81 82 83 84 85 86 87 88 89 90 91 92 93 94 95 96 97 98 99 100 101 102 103 104 105 106 107 108 109 110 111 112 113 114 115 116 117 118 119 120 121 122 123 124 125 126 127 128 129 130 131 132 133 134 135 136 137 138 139 140 141 142 143 144 145 146 147 148 149 150 151 152 153 154 155 156 157 158 159 160 161 162 163 164 165 166 167 168 169 170 171 172 173 174 175 176 177 178 179 180 181 182 183 184 185 186 187 188 189 190 191 192 193 194 195 196 197 198 199 200 201 202 203 204 205 206 207 208 209 210 211 212 213 214 215 216 217 218 219 220 221 222 223 224 225 226 227 228 229 230 231 232 233 234 235 236 237 238 239 240 241 242 243 244 245 246 247 248 249 250 251 252 253 254 255 256 257 258 259 260 261 262 263 264 265 266 267 268 269 270 271 272 273 274 275 276 277 278 279 280 281 282 283 284 285 286 287 288 289 290 291 292 293 294 295 296 297 298 299 300 301 302 303 304 305 306 307 308 309 310 311 312 313 314 315 316 317 318 319 320 321 322 323 324 325 326 327 328 329 330 331 332 333 334 335 336 337 338 339 340 341 342 343 344 345 346 347 348 349 350 351 352 353 354 355 356 357 358 359 360 361 362 363 364 365 366 367 368 369 370 371 372 373 374 375 376 377 378 379 380 381 382 383 384 385 386 387 388 389 390 391 392 393 394 395 396 397 398 399 400 401 402 403 404 405 406 407 408 409 410 411 412 413 414 415 416 417 418 419 420 421 422 423 424 425 426 427 428 429 430 431 432 433 434 435 436 437 438 439 440 441 442 443 444 445 446 447 448 449 450 451 452 453 454 455 456 457 458 459 460 461 462 463 464 465 466 467 468 469 470 471 472 473 474 475 476 477 478 479 480 481 482 483 484 485 486 487 488 489 490 491 492 493 494 495 496 497 498 499 500 501 502 503 504 505 506 507 508 509 510 511 512 513 514 515 516 517 518 519 520 521 522 523 524 525 526 527 528 529 530 531 532 533 534 535 536 537 538 539 540 541 542 543 544 545 546 547 548 549 550 551 552 553 554 555 556 557 558 559 560 561 562 563 564 565 566 567 568 569 570 571 572 573 574 575 576 577 578 579 580 581 582 583 584 585 586 587 588 589 590 591 592 593 594 595 596 597 598 599 600 601 602 603 604 605 606 607 608 609 610 611 612 613 614 615 616 617 618 619 620 621 622 623 624 625 626 627 628 629 630 631 632 633 634 635 636 637 638 639 640 641 642 643 644 645 646 647 648 649 650 651 652 653 654 655 656 657 658 659 660 661 662 663 664 665 666 667 668 669 670 671 672 673 674 675 676 677 678 679 680 681 682 683 684 685 686 687 688 689 690 691 692 693 694 695 696 697 698 699 700 701 702 703 704 705 706 707 708 709 710 711 712 713 714 715 716 717 718 719 720 721 722 723 724 725 726 727 728 729 730 731 732 733 734 735 736 737 738 739 740 741 742 743 744 745 746 747 748 749 750 751 752 753 754 755 756 757 758 759 760 761 762 763 764 765 766 767 768 769 770 771 772 773 774 775 776 777 778 779 780 781 782 783 784 785 786 787 788 789 790 791 792 793 794 795 796 797 798 799 800 801 802 803 804 805 806 807 808 809 810 811 812 813 814 815 816 817 818 819 820 821 822 823 824 825 826 827 828 829 830 831 832 833 834 835 836 837 838 839 840 841 842 843 844 845 846 847 848 849 850 851 852 853 854 855 856 857 858 859 860 861 862 863 864 865 866 867 868 869 870 871 872 873 874 875 876 877 878 879 880 881 882 883 884 885 886 887 888 889 890 891 892 893 894 895 896 897 898 899 900 901 902 903 904 905 906 907 908 909 910 911 912 913 914 915 916 917 918 919 920 921 922 923 924 925 926 927 928 929 930 931 932 933 934 935 936 937 938 939 940 941 942 943 944 945 946 947 948 949 950 951 952 953 954 955 956 957 958 959 960 961 962 963 964 965 966 967 968 969 970 971 972 973 974 975 976 977 978 979 980 981 982 983 984 985 986 987 988 989 990 991 992 993 994 995 996 997
999
219 323 262 291 343 951 672 355 317 851 435 903 533 520 40 148 369 125 244 460 988 69 94 541 717 239 420 95 965 391 414 623 277 692 309 28 362 897 979 193 772 949 606 727 531 866 853 634 570 7 699 515 92 36 71 13 604 52 448 549 599 202 490 224 657 245 390 119 795 536 842 654 781 340 633 948 280 377 203 456 799 847 398 404 910 436 487 542 547 753 143 354 625 890 321 804 103 357 368 187 81 601 209 745 786 644 721 930 206 194 976 598 680 330 639 615 689 268 147 652 60 481 298 752 811 994 85 424 679 87 796 111 181 770 288 322 246 292 2 849 179 582 24 502 313 619 257 371 12 70 861 149 157 172 855 630 445 449 776 916 636 844 80 271 408 823 444 383 875 822 946 296 869 221 640 726 5 145 999 210 492 116 214 473 995 566 762 617 34 565 629 581 703 56 647 553 873 367 483 328 809 199 129 712 486 908 10 840 402 932 785 55 879 678 303 509 957 742 594 238 68 15 285 838 155 122 564 833 817 225 175 920 453 760 539 324 22 843 899 395 348 255 127 722 113 573 610 495 734 144 788 11 151 319 169 670 687 489 705 310 707 88 818 675 945 304 816 967 16 583 978 761 551 588 765 232 459 627 53 563 431 401 61 455 685 741 32 523 649 834 43 797 989 621 860 642 300 215 352 605 416 140 865 719 297 997 929 150 740 429 937 464 240 990 163 66 506 469 263 397 955 20 771 859 927 616 558 162 715 763 365 388 306 121 305 555 676 911 706 379 560 168 18 870 845 856 905 729 269 93 112 801 363 452 385 1 231 276 540 645 713 546 389 411 220 925 234 97 222 998 819 382 800 885 883 966 791 106 700 413 958 335 90 888 554 532 195 337 399 342 651 273 985 889 223 924 428 183 96 659 128 697 731 686 668 462 665 736 977 200 808 891 648 595 241 467 58 538 724 235 664 682 407 314 476 91 466 31 591 289 960 30 186 975 484 984 626 167 474 824 104 548 725 730 423 587 228 197 971 886 316 943 294 76 835 773 118 969 191 63 430 789 562 673 471 880 646 852 632 744 681 589 874 253 249 876 918 406 479 919 146 503 841 27 432 784 695 631 318 38 393 521 867 779 714 158 749 39 663 242 571 557 425 344 846 590 64 216 454 545 637 293 922 516 904 102 230 711 963 213 372 568 267 953 674 534 178 156 512 439 507 602 972 821 336 74 415 850 47 983 198 386 544 751 311 956 970 513 339 290 501 443 152 170 669 807 141 909 806 530 51 552 529 898 196 894 84 190 941 266 358 105 165 275 26 701 624 944 884 913 134 463 98 50 585 895 702 638 108 173 738 250 366 350 137 351 934 480 345 136 3 737 182 333 258 522 9 658 831 854 519 117 185 248 237 569 584 837 931 274 739 451 810 783 881 693 863 49 461 153 159 710 261 251 497 836 124 171 940 417 201 754 315 830 217 446 733 527 327 614 917 161 653 59 37 332 993 302 690 126 475 135 346 510 188 115 139 465 671 556 392 735 236 79 400 77 704 698 964 579 896 635 759 208 550 912 457 748 991 472 83 23 381 364 768 177 438 794 477 252 326 299 35 500 72 227 901 981 164 848 650 580 442 755 279 518 130 6 265 938 440 410 229 488 535 281 577 496 778 505 75 608 750 992 142 923 212 73 517 871 961 684 915 307 877 419 882 160 732 166 892 524 295 559 959 272 218 936 329 906 174 25 802 543 611 180 814 133 758 900 211 46 839 641 612 947 872 914 656 378 939 987 962 928 827 254 131 110 593 434 666 100 982 968 613 44 805 508 878 677 418 494 723 82 832 45 325 567 189 412 769 828 338 426 482 301 270 394 691 21 287 356 777 441 374 67 607 620 192 643 618 950 933 902 243 19 447 283 184 826 622 361 226 375 825 387 107 308 829 138 78 320 815 683 954 728 935 312 986 403 376 578 662 370 334 790 660 709 597 33 609 499 109 347 864 793 176 767 716 764 996 48 504 278 86 694 757 8 284 756 405 655 747 696 514 437 926 780 718 526 349 708 574 396 29 628 952 154 942 41 450 667 380 99 259 478 592 774 132 360 820 54 603 661 775 766 798 525 282 498 286 65 887 421 803 468 353 596 205 491 14 746 743 42 485 4 260 331 256 782 572 233 907 537 720 974 427 511 114 493 792 973 470 857 123 813 688 528 247 264 600 858 57 575 868 561 341 120 433 204 101 921 359 207 373 458 422 576 409 89 586 862 62 893 787 384 17 812 980
39
13 1 19 7 36 27 22 8 24 11 14 12 20 23 15 31 17 38 9 3 4 33 21 18 5 16 2 6 25 30 29 32 39 10 35 28 37 34 26
8
2 7 3 8 5 4 6 1
998
273 940 392 192 661 68 925 393 244 498 319 514 446 557 317 743 542 76 827 26 432 855 567 124 23 185 678 880 918 3 415 608 398 970 931 759 694 348 49 347 703 451 452 908 250 964 240 134 672 897 300 503 738 519 125 205 539 966 747 270 559 284 901 781 480 145 274 847 220 835 405 737 786 82 291 884 6 341 712 507 660 505 552 996 367 177 601 683 693 772 760 984 723 264 464 479 818 40 37 699 811 166 397 728 839 337 787 207 812 178 785 119 101 241 430 243 650 998 983 14 913 761 509 955 977 161 798 383 470 162 750 826 820 322 495 677 965 714 911 437 316 475 229 50 129 152 62 153 106 20 592 36 358 236 517 73 870 496 313 849 137 487 209 433 624 967 98 553 532 946 419 304 846 836 323 252 580 363 654 171 953 817 596 411 526 242 310 7 600 875 516 775 876 473 647 894 776 226 585 521 691 46 334 395 448 791 394 982 382 676 490 75 146 293 51 245 401 467 81 332 598 919 463 988 481 292 320 587 376 924 427 265 673 682 842 610 420 449 458 453 327 33 985 905 813 200 962 53 266 669 92 55 186 782 563 272 299 990 727 800 733 269 287 155 136 607 848 769 960 346 646 30 822 457 713 174 746 409 741 330 408 593 538 810 995 704 978 172 697 762 831 991 89 356 830 956 402 301 70 18 688 947 108 441 541 821 976 928 202 652 623 158 619 296 808 443 370 54 852 625 399 711 544 906 923 227 315 583 644 461 684 997 214 97 915 664 824 729 958 659 371 65 783 79 208 111 19 681 353 562 32 975 283 234 566 333 128 637 217 445 72 749 860 868 489 404 881 91 864 594 59 431 872 721 937 25 914 548 497 726 543 121 233 336 277 87 935 537 934 515 755 838 278 751 78 689 290 993 331 414 303 444 525 890 722 658 627 522 329 814 117 42 887 485 845 788 99 456 942 770 666 85 799 118 551 110 877 569 929 671 536 815 355 790 112 709 325 510 221 381 184 132 614 109 5 335 239 477 114 779 584 531 126 617 58 861 636 249 224 612 680 823 794 180 10 590 674 403 213 508 286 351 766 989 789 809 256 201 833 973 938 512 725 499 896 642 131 707 435 189 717 312 407 35 609 708 528 157 133 143 670 248 926 215 429 511 130 294 39 550 638 853 582 379 739 139 151 588 9 156 645 837 357 380 275 389 421 564 657 369 549 622 971 384 191 575 611 311 468 589 599 187 263 90 716 744 603 412 936 349 616 856 932 438 307 216 425 865 773 426 251 724 871 702 83 141 71 943 374 850 474 204 11 100 898 225 288 194 595 298 757 84 450 127 193 732 324 558 182 31 378 168 841 656 778 902 254 372 715 945 281 416 154 255 745 52 164 867 440 807 465 183 222 628 387 422 763 80 74 523 203 832 641 501 907 28 57 796 939 829 328 529 377 679 169 147 144 527 888 115 94 961 630 385 648 969 340 891 345 883 921 764 719 662 417 700 547 454 613 806 360 368 159 218 318 854 987 476 578 77 651 912 734 922 396 579 981 720 859 116 565 963 554 102 459 149 428 687 686 685 326 506 494 545 232 366 857 909 873 730 88 104 626 701 170 941 705 756 504 980 45 17 618 188 165 655 434 577 95 927 518 365 44 804 47 466 635 740 190 586 105 706 297 874 285 665 135 631 223 951 103 460 482 620 235 954 520 834 362 632 29 424 123 561 573 175 979 801 698 900 615 309 513 167 758 150 653 621 949 754 302 992 364 944 879 840 957 219 195 314 258 483 972 66 639 455 986 816 555 805 893 160 571 176 212 736 488 247 491 930 21 173 591 388 570 825 478 198 668 784 903 774 12 753 237 866 259 917 878 211 343 484 60 289 86 895 96 933 771 447 22 4 634 113 260 148 16 228 574 413 885 675 471 602 199 352 869 280 802 828 535 400 920 502 948 492 533 534 350 140 257 695 748 67 663 56 34 649 843 48 540 844 93 197 181 500 692 560 282 15 605 276 862 968 344 24 268 354 8 436 43 373 803 742 279 390 899 120 163 889 63 142 230 581 342 858 196 107 910 210 765 690 568 61 950 916 423 524 469 41 710 439 306 735 253 472 576 27 462 238 406 556 138 892 375 904 793 667 246 886 952 718 819 122 305 795 797 851 546 179 338 629 262 731 271 206 974 768 604 13 38 308 752 261 339 359 767 386 994 959 391 493 267 410 882 1 777 64 418 863 643 295 606 792 361 633 696 486 231 321 442 69 2 530 640 597 780 572
1000
359 71 691 411 397 53 229 580 857 125 118 472 453 242 924 317 733 760 989 686 928 780 158 586 609 432 752 77 135 920 936 39 285 150 972 330 376 405 32 749 155 346 380 566 62 340 180 851 913 457 142 478 6 617 308 522 677 356 170 543 276 45 843 591 293 420 121 536 395 388 2 412 84 689 406 366 28 863 256 802 708 362 899 73 495 832 446 688 390 490 551 943 956 343 804 919 274 934 350 279 410 939 616 641 341 961 669 878 570 206 227 665 555 134 882 747 871 11 535 668 67 685 581 264 10 148 806 765 721 394 855 853 588 114 29 785 941 583 540 726 560 51 626 771 838 442 642 126 568 34 243 419 801 569 41 396 414 23 361 653 844 391 503 531 687 487 618 608 183 59 985 645 846 744 392 385 502 906 903 47 562 866 169 712 942 200 695 673 692 211 282 208 977 909 307 287 461 373 219 186 251 881 966 634 675 110 849 192 225 297 190 450 319 704 399 781 746 465 199 841 400 574 226 554 209 223 111 861 7 476 877 874 614 344 738 637 270 667 438 283 728 14 151 484 416 955 537 790 930 480 201 321 603 469 823 79 288 594 718 951 579 703 451 124 767 706 715 964 904 237 304 500 963 97 334 61 761 944 100 666 407 191 240 496 33 354 196 257 379 658 923 850 65 559 664 818 210 351 485 430 900 443 932 271 415 526 195 55 445 736 371 833 674 830 352 922 16 887 213 328 252 905 491 845 544 730 381 320 556 36 798 422 701 275 613 918 529 654 999 46 105 787 94 234 960 42 889 657 854 99 298 315 791 286 743 58 1000 632 1 698 159 82 774 449 847 76 734 946 837 571 311 661 198 481 834 37 769 949 289 43 327 702 976 474 176 504 739 70 998 89 162 175 980 130 69 156 5 681 215 221 945 911 592 501 38 75 281 459 498 101 4 72 518 157 305 245 719 483 152 66 868 332 629 663 473 984 893 852 794 300 625 26 447 649 921 576 891 239 819 997 662 146 302 748 309 87 433 957 364 212 263 876 13 779 713 635 50 783 408 883 197 995 979 751 218 947 763 856 254 731 624 12 425 384 929 230 840 52 788 250 374 870 418 244 299 991 166 742 800 90 323 890 612 825 85 284 693 409 970 272 404 177 163 386 821 539 611 931 755 873 599 992 796 758 534 643 550 413 827 552 815 56 533 711 647 306 723 754 337 897 164 958 523 515 119 68 247 547 506 139 820 901 60 325 829 615 538 627 836 517 91 520 935 224 113 329 831 768 294 141 646 181 983 824 797 44 725 149 154 109 370 656 938 222 598 436 651 816 261 8 123 636 138 969 697 24 862 133 700 597 64 403 971 258 773 737 590 575 511 757 753 644 253 735 959 993 907 168 25 621 507 493 335 233 546 103 54 167 670 839 610 630 750 471 431 143 548 954 423 622 709 358 809 204 456 582 236 772 672 987 104 147 516 602 172 561 525 842 434 729 577 948 160 338 917 572 348 290 813 978 372 441 424 295 112 280 238 120 107 619 694 639 188 313 205 770 57 805 717 766 398 756 808 916 122 20 165 88 74 799 3 189 497 671 187 990 585 360 714 589 333 382 262 214 795 266 884 81 631 937 524 184 455 699 267 925 679 259 417 782 129 886 527 962 567 140 895 241 650 326 470 880 17 367 604 310 596 235 387 933 953 488 355 174 759 217 116 444 40 623 464 27 601 528 509 682 600 514 745 18 277 926 467 812 128 680 265 558 377 676 144 638 595 363 803 807 952 869 454 22 216 720 458 896 136 885 342 479 994 248 353 826 828 429 705 513 565 331 690 489 153 80 775 95 678 127 776 683 633 988 968 764 659 940 521 578 894 296 439 541 505 986 255 564 494 792 519 793 545 314 557 86 312 375 875 549 369 145 620 477 220 648 63 161 324 173 365 912 207 292 48 428 132 349 131 468 9 974 981 973 228 587 78 865 864 182 910 421 778 482 117 915 510 232 835 452 231 108 898 732 202 115 460 707 786 722 318 892 347 492 437 888 427 817 727 784 530 879 83 301 542 914 179 269 322 178 607 967 194 867 402 848 49 902 872 684 655 336 96 30 435 316 291 15 716 762 965 21 475 249 508 303 740 98 553 31 710 573 102 814 137 185 92 278 401 368 466 652 378 996 260 777 741 628 246 93 448 532 605 345 106 724 273 268 927 203 908 811 584 499 593 35 860 858 982 383 193 660 463 393 859 975 563 426 171 822 640 810 19 696 486 512 606 789 462 950 440 389 339 357
999
483 511 490 992 105 493 254 399 995 723 235 288 153 54 999 231 500 792 721 352 75 351 904 949 660 873 380 108 956 650 492 17 243 674 34 940 564 789 214 584 944 448 472 585 573 292 778 637 365 868 501 274 135 457 110 997 741 385 172 641 919 527 690 290 621 915 192 701 53 658 58 194 331 263 861 161 152 473 818 659 175 319 19 311 827 988 268 756 266 907 542 681 576 460 209 841 12 710 301 118 200 245 844 46 267 317 65 429 529 610 769 119 239 712 2 170 627 437 423 900 983 842 434 369 939 889 484 991 462 935 227 548 141 509 1 99 485 76 683 878 354 438 808 897 779 229 887 581 920 982 574 592 259 431 534 103 553 454 461 309 215 339 494 819 115 694 48 373 282 824 601 218 726 569 948 719 506 672 555 764 751 619 455 760 280 244 644 629 424 720 863 688 866 294 322 306 140 537 433 413 805 121 114 332 508 566 595 579 517 791 452 883 546 155 206 901 389 850 828 445 786 468 911 90 946 798 338 881 70 279 933 833 253 52 928 27 300 84 459 807 941 164 858 957 265 464 60 238 916 64 129 315 663 810 906 377 378 57 386 642 367 29 158 636 440 822 499 107 514 958 519 189 219 79 299 387 524 398 41 862 435 320 4 613 134 432 456 237 768 117 251 15 427 732 394 283 199 20 359 411 864 51 463 626 284 28 414 744 571 882 961 381 422 38 474 185 603 368 538 93 955 453 526 366 706 724 136 737 325 973 465 735 353 307 738 324 536 9 390 198 410 523 173 780 817 507 540 358 100 276 634 912 498 679 545 224 815 31 328 938 826 230 890 275 865 733 624 418 605 834 165 49 727 444 687 895 565 909 695 875 345 106 851 55 361 201 893 35 942 996 404 297 783 680 547 232 442 91 195 847 510 953 598 784 947 475 625 816 884 14 221 653 416 488 333 670 734 568 985 303 257 24 160 420 856 289 765 188 777 186 812 126 169 943 860 478 583 138 516 682 466 830 86 809 146 397 896 278 403 930 150 987 491 318 711 261 905 596 615 116 934 593 22 247 372 350 986 375 264 157 349 208 92 696 731 651 120 648 795 846 739 746 179 539 111 23 45 88 757 971 705 716 234 703 984 477 917 441 589 840 838 362 347 187 167 678 600 718 622 773 937 26 182 191 127 447 715 587 599 811 977 923 112 217 13 285 393 616 382 740 976 994 649 872 832 632 843 528 376 692 635 250 512 532 336 304 685 123 502 908 132 402 554 698 409 236 533 614 78 960 750 211 766 142 446 220 829 430 340 552 664 722 37 417 952 329 787 684 752 7 133 567 730 125 921 96 788 271 888 426 597 654 522 18 425 857 171 981 94 81 183 954 736 913 5 190 877 661 101 951 356 505 36 853 964 749 255 202 927 95 525 993 226 314 767 704 260 876 550 656 821 450 262 970 277 794 762 406 513 476 471 790 612 154 831 222 572 845 3 128 291 59 657 74 699 781 104 932 559 313 421 521 785 697 975 835 607 39 102 321 370 910 113 604 560 761 870 270 918 439 83 256 709 71 97 363 631 772 775 145 139 147 249 293 515 143 225 871 535 360 926 755 646 344 771 707 407 551 364 374 151 503 162 800 205 874 556 302 753 676 312 609 965 643 886 388 10 776 638 25 836 415 869 639 207 725 989 109 408 903 357 89 42 246 326 124 806 348 802 549 371 241 310 541 166 252 979 47 990 922 531 379 969 323 223 855 892 575 148 178 50 814 848 801 156 797 879 342 177 899 998 763 163 203 131 849 543 602 931 518 204 803 628 743 667 69 645 747 412 577 591 675 21 611 216 880 606 467 149 854 428 562 594 748 652 228 793 82 298 66 544 85 520 945 820 449 530 176 693 197 894 582 669 327 174 233 281 451 443 470 168 742 557 968 6 671 337 666 978 729 193 754 708 558 73 486 972 335 837 852 745 647 213 479 458 180 630 497 248 184 898 489 774 496 570 580 308 295 702 341 578 242 334 662 287 469 504 590 689 936 714 665 130 181 962 67 62 796 33 196 269 80 137 273 405 588 620 346 286 813 759 974 316 355 392 68 272 330 967 258 770 72 482 87 717 240 885 480 43 61 487 98 391 673 686 959 122 640 481 804 655 867 16 44 159 608 823 618 561 668 8 436 296 305 395 383 924 839 617 758 77 623 563 32 144 963 677 925 633 400 891 950 799 63 401 210 713 30 212 966 691 902 419 586 700 859 11 495 914 56 782 825 396 343 384 728 40 929 980
3
1 2 3
5
1 2 3 5 4
999
839 233 687 773 548 429 63 174 25 374 274 385 894 711 439 952 858 941 196 81 347 145 300 871 227 788 769 459 683 735 75 897 906 113 932 241 748 569 886 900 583 66 65 541 935 149 192 427 64 680 736 856 650 422 865 62 688 440 555 99 605 386 841 289 866 47 964 676 357 340 360 950 691 28 189 765 308 892 259 590 460 11 835 15 3 505 434 544 558 39 585 219 933 391 319 271 345 815 361 118 461 70 909 775 394 514 188 322 664 404 451 132 42 93 366 601 846 741 387 643 430 520 258 363 779 257 834 384 562 995 418 890 109 903 785 828 531 388 382 166 466 734 431 372 556 92 831 797 965 553 297 600 718 970 869 522 644 314 920 844 305 88 806 596 303 392 864 22 182 164 938 518 992 641 730 552 547 349 786 481 79 527 296 449 365 812 681 663 755 413 60 789 462 921 352 129 393 147 618 978 994 877 425 782 622 311 658 624 53 123 208 358 142 114 701 638 21 945 54 575 213 574 639 714 974 27 674 492 398 403 738 975 218 355 17 414 255 504 589 49 847 136 826 953 10 155 436 200 244 893 467 525 496 428 222 726 111 542 662 154 95 528 33 646 962 533 294 702 686 630 304 470 193 772 649 423 857 880 337 813 276 448 348 614 506 82 768 876 48 455 669 887 210 336 759 143 501 334 577 333 77 369 981 315 899 678 677 879 592 635 742 667 371 660 231 778 318 131 540 840 6 770 339 320 526 944 194 316 875 536 626 280 781 987 587 488 642 885 517 69 312 761 249 437 670 199 744 463 103 256 509 749 708 84 754 104 295 549 550 282 242 976 71 191 134 291 947 855 652 956 780 508 239 809 186 704 895 275 190 979 913 375 997 557 220 924 991 260 733 120 443 116 7 853 411 916 465 141 408 604 532 516 206 560 236 221 400 825 362 284 214 591 415 692 584 977 727 472 476 709 707 640 763 497 836 52 535 389 59 83 724 248 409 80 338 468 100 737 73 960 341 918 254 265 105 464 346 144 700 122 201 8 5 791 588 4 794 907 804 882 672 507 469 177 14 135 406 597 2 432 790 837 424 356 223 776 561 313 615 959 89 86 277 216 675 272 426 133 593 827 224 838 966 910 808 625 901 126 767 805 379 889 872 76 165 911 119 30 117 326 896 278 971 342 12 184 378 595 44 270 43 750 696 344 152 307 572 110 961 169 67 819 917 868 102 888 854 629 610 571 586 106 438 653 173 665 706 68 607 925 746 659 919 130 480 576 309 796 124 229 168 490 479 58 34 37 74 850 125 647 195 651 445 298 107 453 61 395 930 290 816 578 115 419 684 524 390 283 632 922 359 402 232 842 160 757 563 564 500 823 762 212 211 905 286 331 87 602 46 171 412 810 751 731 685 482 530 824 217 13 40 821 207 689 777 498 936 800 51 957 671 175 85 354 23 515 20 483 376 712 848 739 353 655 634 967 510 180 138 444 325 619 364 756 245 728 97 162 599 24 420 139 228 934 161 91 94 799 487 151 433 874 851 554 350 603 972 811 633 980 656 608 984 112 511 150 986 898 128 137 705 568 158 609 832 990 373 539 78 697 891 951 29 579 36 902 996 441 758 450 215 679 955 368 822 943 477 565 421 928 252 264 787 397 367 884 657 1 807 814 475 178 666 148 370 621 473 401 716 760 931 204 774 637 209 545 202 989 715 580 163 197 179 798 381 519 620 205 253 203 873 833 985 998 721 96 682 176 581 914 19 343 543 454 399 301 795 968 268 45 860 471 988 883 156 261 377 230 251 843 512 912 863 654 127 690 722 351 198 140 948 753 185 310 380 267 187 167 306 803 963 121 582 723 435 446 157 101 72 908 246 852 783 859 954 494 703 26 616 16 452 170 598 695 969 594 57 281 108 623 417 442 172 238 153 279 820 31 293 146 159 573 745 764 323 486 999 405 830 534 285 90 302 771 181 18 321 693 929 503 383 946 668 740 273 927 234 35 732 324 766 801 493 98 56 904 878 225 717 870 570 710 792 725 495 926 529 458 288 396 845 513 317 502 262 784 698 407 484 410 613 32 559 499 793 523 478 521 743 226 606 328 416 881 250 327 612 566 752 923 645 447 942 862 699 41 240 861 720 993 38 949 485 867 937 546 817 648 958 719 983 818 235 939 243 9 491 713 636 330 50 973 474 747 631 982 829 329 269 237 729 661 266 617 332 456 247 694 183 299 611 567 335 940 292 537 627 628 673 551 287 55 849 915 538 489 457 263 802
2
2 1
3
2 3 1
28
25 7 3 4 5 6 17 1 9 10 2 12 13 21 15 16 19 18 20 14 11 22 23 24 8 26 27 28
21
1 2 17 4 5 6 7 8 9 10 11 12 13 14 3 16 15 18 19 20 21
51
2 1 18 23 20 30 24 51 40 36 37 17 12 29 48 46 47 35 41 4 3 5 43 39 14 8 50 32 9 15 31 13 10 16 44 22 42 6 33 49 26 34 28 19 45 38 27 11 7 21 25
1
1
1000
667 341 859 66 444 883 942 799 301 809 136 406 684 557 786 452 30 523 617 855 82 131 85 332 640 560 584 449 166 945 282 80 856 820 261 631 963 377 485 941 955 916 179 715 741 755 299 540 370 795 480 773 930 823 518 725 312 203 593 49 579 212 140 764 177 213 326 639 688 372 497 512 401 103 936 980 304 181 897 808 775 112 781 528 450 612 503 951 801 286 651 931 214 4 558 400 388 14 220 652 696 627 638 656 943 117 6 779 64 309 956 902 573 317 464 338 466 355 280 770 378 761 511 509 802 648 551 917 381 874 530 397 832 707 871 455 475 815 986 718 52 393 642 285 650 58 226 626 653 198 65 169 800 207 134 354 664 247 379 493 337 922 216 396 952 914 636 376 645 958 234 925 111 619 270 432 420 827 251 712 123 184 539 692 759 576 630 613 548 477 72 623 599 273 982 556 643 232 934 611 706 157 351 173 904 174 860 100 806 846 225 875 785 133 646 223 881 987 834 777 568 313 438 822 592 736 724 451 772 431 23 171 849 491 783 297 677 553 62 483 44 262 96 797 265 601 821 738 621 915 245 502 405 168 380 284 453 152 104 271 526 744 898 604 248 180 28 836 882 507 778 918 356 119 723 782 869 966 114 543 679 569 549 21 644 399 847 600 880 524 24 521 614 319 575 520 409 175 427 949 303 923 536 253 842 424 603 37 911 361 585 151 888 964 468 263 236 968 126 732 939 102 369 670 693 671 352 407 368 711 149 398 985 948 596 302 333 206 387 784 501 211 739 254 278 992 733 663 144 825 704 161 345 402 89 357 374 435 272 315 959 188 857 1000 296 105 165 258 36 347 55 564 807 698 249 305 426 606 164 7 172 566 607 754 927 78 19 363 39 649 267 737 542 953 127 2 463 768 193 546 255 581 107 620 618 993 38 130 462 928 496 46 470 873 686 756 153 323 516 635 840 358 403 240 552 353 659 701 339 56 118 590 210 954 577 887 109 632 578 562 817 691 694 192 290 26 201 121 235 495 445 185 722 598 489 61 215 447 360 461 990 771 769 311 660 110 703 101 559 106 780 20 160 291 499 602 170 159 525 567 654 735 796 839 176 57 826 541 274 587 384 241 187 716 269 647 428 9 59 515 486 294 702 411 583 416 878 999 417 699 629 791 719 439 988 139 633 804 200 93 91 700 889 929 208 219 189 984 146 474 641 978 283 863 197 994 726 260 572 306 243 972 308 298 680 320 348 257 514 324 877 108 115 441 340 482 743 749 307 751 383 892 909 935 833 876 748 522 346 895 88 731 903 275 158 683 16 896 740 816 714 233 757 310 591 792 527 812 322 98 79 970 762 259 40 473 90 54 681 231 788 835 116 666 872 135 991 138 186 519 830 891 190 395 204 864 404 199 147 156 392 862 967 389 790 99 758 237 87 10 624 609 328 851 276 335 588 375 829 697 295 391 129 423 35 67 950 454 330 921 810 854 413 531 31 910 884 586 944 467 565 287 32 628 359 867 408 766 924 658 22 974 853 42 673 550 544 429 29 529 53 86 634 47 458 687 866 813 18 957 729 33 906 753 657 487 3 221 440 861 229 900 11 728 437 448 890 430 843 742 366 425 13 422 327 582 946 787 365 962 230 538 899 349 250 844 919 913 195 268 637 965 828 288 122 382 73 329 321 412 894 708 710 373 622 415 973 281 763 730 760 459 293 678 41 343 674 517 534 362 960 217 734 125 767 841 492 120 479 814 668 838 961 141 504 314 442 92 996 385 68 5 289 893 478 510 94 60 535 845 498 471 750 183 789 279 976 850 194 224 433 811 597 76 77 554 227 776 191 17 879 690 84 300 460 545 113 148 752 45 155 371 500 50 508 154 676 610 421 95 162 947 608 672 997 625 74 998 798 246 709 818 713 476 456 443 128 69 580 745 150 51 390 386 926 995 15 665 940 933 490 331 143 222 27 563 793 239 727 695 209 971 675 8 513 682 655 1 717 605 886 202 434 561 494 537 805 484 488 137 418 615 419 901 325 457 662 938 907 969 292 689 465 765 228 747 242 163 132 589 182 685 908 472 661 25 505 264 721 905 824 547 794 555 367 937 803 196 983 831 178 350 238 75 318 506 858 574 167 394 837 344 446 912 277 48 12 71 669 616 205 746 920 97 481 979 848 774 244 334 595 885 819 124 316 989 932 469 570 256 34 865 218 436 870 81 83 571 70 852 63 977 410 364 43 705 981 533 868 414 342 145 720 252 336 142 532 266 594 975
44
11 2 1 4 5 36 24 8 16 15 9 12 13 3 43 14 17 18 19 20 42 22 33 23 6 26 27 28 29 30 31 32 7 34 35 25 37 38 39 40 41 21 10 44
1000
828 50 500 560 864 280 505 443 55 944 803 706 358 218 462 413 388 319 118 415 473 815 490 772 937 173 822 384 386 518 553 558 877 542 833 333 150 955 507 538 353 79 672 747 278 637 88 541 66 2 818 630 675 80 9 570 431 621 635 275 523 811 95 125 85 49 457 552 574 607 786 361 978 209 929 858 225 253 42 54 903 488 683 445 65 433 383 47 566 441 935 116 227 246 63 895 964 866 548 483 930 642 104 103 531 985 909 320 160 526 211 787 175 200 231 92 495 19 436 237 915 302 840 760 64 594 537 248 618 820 609 226 236 591 660 382 702 758 970 918 732 993 567 704 563 716 692 398 654 37 535 363 791 451 669 394 340 471 740 109 504 838 516 576 931 424 283 238 819 723 486 442 26 400 113 181 762 364 268 544 176 659 547 378 308 907 606 244 271 328 439 493 520 664 583 474 355 951 942 114 646 748 641 420 710 868 718 269 74 287 111 963 839 389 503 291 882 14 894 417 397 612 557 390 77 132 93 294 270 521 115 532 865 577 677 133 120 168 314 901 719 508 821 188 893 94 366 128 434 701 460 322 78 733 412 555 325 446 886 667 329 318 602 447 494 924 372 179 208 229 189 771 908 680 60 611 916 45 380 6 476 769 167 561 422 564 210 407 569 438 216 817 578 228 745 626 452 627 351 750 763 122 332 613 565 643 684 185 926 391 860 662 461 239 339 720 979 262 18 108 336 252 842 410 257 982 713 190 261 721 334 303 36 331 666 321 614 939 315 157 387 946 345 582 343 768 709 580 430 699 299 691 41 998 197 525 953 13 595 801 72 960 152 178 484 247 589 665 751 766 597 267 429 862 788 782 393 184 775 279 869 136 87 28 834 29 341 17 214 224 310 403 377 156 857 616 221 148 966 174 837 590 392 954 585 956 288 527 753 324 759 255 16 658 20 889 220 967 849 204 755 285 468 166 854 573 902 957 373 349 57 774 86 249 794 119 802 290 191 927 90 172 8 686 84 258 264 470 479 631 154 297 764 736 852 703 67 836 881 251 313 15 990 805 696 997 756 423 509 448 158 977 21 196 687 281 599 921 449 528 514 938 100 365 830 171 826 82 809 23 900 950 192 265 117 679 554 593 910 3 604 905 215 161 7 831 39 242 469 904 925 940 534 481 823 163 824 30 846 193 230 708 61 693 356 110 408 480 789 652 105 232 799 513 151 880 127 40 651 571 48 34 810 180 586 608 183 99 584 634 650 68 31 497 256 592 223 32 715 4 284 695 145 286 305 89 143 984 289 56 540 992 426 69 887 164 234 293 867 348 617 344 195 549 405 545 793 870 367 402 134 556 498 126 359 959 371 712 477 676 781 263 711 501 644 187 70 546 131 624 276 222 304 337 649 396 581 129 961 897 58 625 737 610 622 296 298 735 678 52 450 777 670 550 59 645 46 741 725 936 203 102 306 605 636 201 943 890 615 551 539 530 746 149 863 994 829 414 182 135 731 312 825 194 368 335 260 912 155 633 981 43 724 958 53 600 235 629 496 274 914 947 83 307 906 444 475 948 996 853 352 147 524 969 562 465 727 941 350 884 250 137 456 144 744 12 932 522 347 205 603 598 327 991 559 146 765 207 241 316 330 995 170 673 639 798 697 841 892 770 661 141 254 928 628 454 623 917 795 159 638 911 999 705 295 653 44 202 1000 300 369 976 409 885 421 467 761 138 411 124 757 177 301 453 717 370 790 346 282 730 272 24 878 432 379 888 632 783 808 843 601 376 778 813 804 71 112 375 529 767 153 855 587 435 739 850 807 726 533 952 360 437 11 785 464 987 797 779 489 543 62 983 784 874 22 859 292 51 169 130 243 27 515 517 663 487 975 1 657 485 506 891 35 385 973 458 401 162 213 123 728 323 780 962 949 519 879 856 419 796 971 455 690 425 792 848 395 76 816 311 872 374 655 5 233 98 579 206 381 588 968 861 875 814 873 920 33 773 847 536 459 217 934 700 754 259 575 776 416 648 832 729 245 219 96 980 620 988 922 491 240 427 81 510 502 685 186 273 107 499 742 668 972 681 121 277 738 140 923 876 478 899 919 266 511 309 440 734 75 101 165 707 945 883 91 640 25 482 338 512 698 199 647 10 933 342 682 688 845 492 198 800 357 404 38 406 428 674 596 362 619 844 212 97 986 399 418 871 694 139 851 913 835 989 827 752 472 73 317 896 671 326 812 568 106 965 806 898 974 463 714 572 142 656 722 689 466 354 743 749
28
1 2 3 17 5 6 7 8 9 10 11 14 13 12 15 16 20 18 19 4 21 22 23 24 25 26 27 28
1000
1 2 3 4 5 6 7 8 9 10 11 12 13 14 15 16 17 18 19 20 21 22 23 24 25 26 27 28 29 30 31 32 33 34 35 36 37 38 39 40 41 42 43 44 45 46 47 48 49 50 51 52 53 54 55 56 57 58 59 60 61 62 63 64 65 66 67 68 69 70 71 72 73 74 75 76 77 78 79 80 81 82 83 84 85 86 87 88 89 90 91 92 93 94 95 96 97 98 99 100 101 102 103 104 105 106 107 108 109 110 111 112 113 114 115 116 117 118 119 120 121 122 123 124 125 126 127 128 129 130 131 132 133 134 135 136 137 138 139 140 141 142 143 144 145 146 147 148 149 150 151 152 153 154 155 156 157 158 159 160 161 162 163 164 165 166 167 168 169 170 171 172 173 174 175 176 177 178 179 180 181 182 183 184 185 186 187 188 189 190 191 192 193 194 195 196 197 198 199 200 201 202 203 204 205 206 207 208 209 210 211 212 213 214 215 216 217 218 219 220 221 222 223 224 225 226 227 228 229 230 231 232 233 234 235 236 237 238 239 240 241 242 243 244 245 246 247 248 249 250 251 252 253 254 255 256 257 258 259 260 261 262 263 264 265 266 267 268 269 270 271 272 273 274 275 276 277 278 279 280 281 282 283 284 285 286 287 288 289 290 291 292 293 294 295 296 297 298 299 300 301 302 303 304 305 306 307 308 309 310 311 312 313 314 315 316 317 318 319 320 321 322 323 324 325 326 327 328 329 330 331 332 333 334 335 336 337 338 339 340 341 342 343 344 345 346 347 348 349 350 351 352 353 354 355 356 357 358 359 360 361 362 363 364 365 366 367 368 369 370 371 372 373 374 375 376 377 378 379 380 381 382 383 384 385 386 387 388 389 390 391 392 393 394 395 396 397 398 399 400 401 402 403 404 405 406 407 408 409 410 411 412 413 414 415 416 417 418 419 420 421 422 423 424 425 426 427 428 429 430 431 432 433 434 435 436 437 438 439 440 441 442 443 444 445 446 447 448 449 450 451 452 453 454 455 456 457 458 459 460 461 462 463 464 465 466 467 468 469 470 471 472 473 474 475 476 477 478 479 480 481 482 483 484 485 486 487 488 489 490 491 492 493 494 495 496 497 498 499 500 501 502 503 504 505 506 507 508 509 510 511 512 513 514 515 516 517 518 519 520 521 522 523 524 525 526 527 528 529 530 531 532 533 534 535 536 537 538 539 540 541 542 543 544 545 546 547 548 549 550 551 552 553 554 555 556 557 558 559 560 561 562 563 564 565 566 567 568 569 570 571 572 573 574 575 576 577 578 579 580 581 582 583 584 585 586 587 588 589 590 591 592 593 594 595 596 597 598 599 600 601 602 603 604 605 606 607 608 609 610 611 612 613 614 615 616 617 618 619 620 621 622 623 624 625 626 627 628 629 630 631 632 633 634 635 636 637 638 639 640 641 642 643 644 645 646 647 648 649 650 651 652 653 654 655 656 657 658 659 660 661 662 663 664 665 666 667 668 669 670 671 672 673 674 675 676 677 678 679 680 681 682 683 684 685 686 687 688 689 690 691 692 693 694 695 696 697 698 699 700 701 702 703 704 705 706 707 708 709 710 711 712 713 714 715 716 717 718 719 720 721 722 723 724 725 726 727 728 729 730 731 732 733 734 735 736 737 738 739 740 741 742 743 744 745 746 747 748 749 750 751 752 753 754 755 756 757 758 759 760 761 762 763 764 765 766 767 768 769 770 771 772 773 774 775 776 777 778 779 780 781 782 783 784 785 786 787 788 789 790 791 792 793 794 795 796 797 798 799 800 801 802 803 804 805 806 807 808 809 810 811 812 813 814 815 816 817 818 819 820 821 822 823 824 825 826 827 828 829 830 831 832 833 834 835 836 837 838 839 840 841 842 843 844 845 846 847 848 849 850 851 852 853 854 855 856 857 858 859 860 861 862 863 864 865 866 867 868 869 870 871 872 873 874 875 876 877 878 879 880 881 882 883 884 885 886 887 888 889 890 891 892 893 894 895 896 897 898 899 900 901 902 903 904 905 906 907 908 909 910 911 912 913 914 915 916 917 918 919 920 921 922 923 924 925 926 927 928 929 930 931 932 933 934 935 936 937 938 939 940 941 942 943 944 945 946 947 948 949 950 951 952 953 954 955 956 957 958 959 960 961 962 963 964 965 966 967 968 969 970 971 972 973 974 975 976 977 978 979 980 981 982 983 984 985 986 987 988 989 990 991 992 993 994 995 996 997 998 999 1000
996
1 880 3 4 5 6 7 8 9 10 11 690 13 14 15 16 17 18 573 20 21 22 23 182 25 26 27 28 29 30 31 32 33 34 408 974 37 727 672 40 564 595 43 44 45 46 47 48 49 50 51 52 53 54 55 56 57 58 59 60 356 62 101 64 65 66 67 68 69 70 71 72 73 780 75 432 77 242 201 80 81 82 83 42 85 86 87 88 89 90 91 92 93 94 95 96 97 98 99 100 153 897 103 104 105 374 107 108 109 110 111 112 732 129 115 116 117 764 119 879 121 122 540 124 760 126 127 128 244 137 131 132 133 797 135 654 939 138 139 140 141 142 143 144 145 146 147 653 235 150 151 152 118 428 684 156 933 158 159 160 61 162 163 164 165 166 167 168 169 170 171 250 173 174 175 783 177 178 305 180 645 183 862 184 185 868 187 188 39 606 191 192 193 194 195 196 197 198 199 200 821 202 203 186 205 206 207 208 209 210 211 212 213 214 215 216 217 218 766 220 221 222 223 912 225 226 227 228 229 230 231 232 233 234 990 236 237 238 239 240 241 353 243 307 245 246 247 248 249 588 161 252 74 652 255 256 257 258 35 260 261 262 263 264 265 266 267 268 269 270 708 682 273 274 275 276 277 278 279 280 281 497 283 284 285 286 287 288 289 290 777 292 293 294 770 542 297 298 663 300 674 438 303 181 961 306 381 308 309 310 311 312 313 314 469 316 317 348 319 320 321 322 323 324 830 326 327 328 329 493 331 332 333 334 335 336 538 338 339 340 254 342 343 940 345 346 347 341 349 350 351 352 656 354 355 24 357 358 359 360 361 362 523 364 365 366 367 368 369 370 371 372 373 114 375 376 259 378 639 380 384 382 383 179 385 386 387 446 389 390 391 392 393 394 395 396 397 398 490 400 401 402 403 404 405 406 407 945 409 410 411 412 413 414 415 416 134 418 271 420 421 422 423 650 425 426 427 379 429 430 431 136 433 434 435 436 437 486 439 440 441 530 443 444 445 130 447 448 449 450 451 662 453 454 455 456 457 458 189 460 461 462 463 464 465 466 467 468 801 470 529 472 473 474 475 476 477 478 479 480 481 482 483 484 485 149 487 488 489 877 491 692 717 494 495 496 296 498 499 500 501 502 503 504 505 506 507 508 509 510 511 556 513 514 515 516 517 518 519 520 521 522 709 524 525 526 637 528 272 120 752 532 533 534 535 536 537 919 539 566 541 125 543 12 545 546 547 548 549 550 551 552 553 554 555 363 557 558 559 560 891 562 563 419 565 640 567 568 299 570 571 452 791 574 575 576 577 578 813 580 581 582 544 584 585 586 587 848 589 590 591 592 593 594 856 596 597 598 882 600 601 602 603 604 605 907 607 608 609 610 611 612 613 614 615 302 714 618 619 620 621 622 623 624 625 626 627 628 629 630 631 632 633 634 635 636 947 638 710 148 641 642 643 644 301 123 41 172 649 569 651 113 78 84 655 76 657 658 659 660 661 442 831 664 665 666 667 668 669 670 671 617 673 748 675 676 677 678 679 680 681 38 683 849 685 686 687 688 689 720 691 106 693 694 695 155 697 698 837 700 701 702 703 704 705 706 707 742 79 282 711 712 713 492 715 716 531 718 719 253 721 722 723 724 725 399 927 728 729 730 731 512 733 734 735 736 737 330 739 740 741 796 743 744 745 746 747 561 749 750 751 251 753 754 755 756 757 758 759 572 761 762 763 388 765 915 767 768 769 63 771 772 773 774 775 776 304 778 779 344 781 782 295 784 785 786 787 788 789 790 36 792 793 794 795 599 648 798 799 800 315 802 803 804 805 806 906 808 2 810 811 812 696 699 815 816 817 818 819 820 219 822 823 824 825 826 827 828 829 157 982 832 833 834 835 836 291 838 839 840 841 842 843 844 845 846 847 176 809 850 851 852 853 854 579 102 857 858 859 860 861 424 863 864 865 866 867 190 869 870 871 872 873 874 875 583 925 878 154 814 881 459 883 884 377 886 887 888 889 890 224 892 893 894 895 896 726 898 899 973 901 902 903 904 325 855 738 908 909 910 911 616 913 914 905 916 917 918 19 920 921 922 923 924 471 926 417 928 929 930 931 932 876 934 935 936 937 938 885 646 941 942 943 944 318 946 204 948 949 950 951 952 953 954 955 956 957 958 959 960 647 962 963 964 965 966 967 968 969 970 971 972 900 807 975 976 977 978 979 980 981 337 983 984 985 986 987 988 989 527 991 992 993 994 995 996
10
7 10 2 3 6 9 8 5 1 4
49
1 2 3 4 33 6 11 28 47 10 24 12 13 14 15 16 17 18 5 20 21 23 40 19 25 49 27 46 29 30 31 43 9 34 35 36 37 39 38 26 41 42 7 44 45 32 8 48 22
9
1 7 3 2 5 6 4 8 9
44
23 2 43 4 5 6 7 34 9 13 11 22 3 18 15 16 17 44 19 20 21 12 33 24 25 38 27 28 26 30 29 32 41 42 35 10 8 1 39 40 36 14 31 37
49
42 2 4 37 15 18 7 12 9 40 22 5 6 33 36 16 8 46 11 32 21 19 23 47 24 26 27 17 29 13 31 20 30 34 35 25 14 38 41 28 44 10 43 49 45 39 3 48 1
22
12 2 15 6 4 7 10 18 21 22 11 13 19 1 3 14 9 20 16 5 8 17
3
2 3 1
998
648 451 651 672 5 6 175 8 256 398 11 12 22 14 826 977 697 539 250 834 21 414 23 757 117 269 700 28 503 558 157 32 560 34 35 107 37 191 39 749 31 763 569 44 623 46 47 202 13 50 719 860 53 776 55 56 57 514 869 660 775 62 596 450 65 467 67 68 69 70 71 72 73 74 393 512 77 78 507 80 631 228 83 84 519 86 25 88 91 90 973 92 647 94 95 96 97 561 99 740 706 649 118 418 105 58 625 111 109 110 916 800 113 114 115 116 861 93 119 120 121 122 123 124 892 884 502 128 251 130 75 173 133 134 135 136 137 998 143 140 924 508 347 476 145 146 64 82 895 704 469 152 43 154 782 713 412 922 259 160 155 162 163 164 166 975 167 245 169 221 746 278 982 194 695 658 177 178 179 180 181 182 183 184 205 186 187 188 189 79 874 217 193 902 482 196 197 198 310 370 577 15 203 204 484 206 207 644 590 210 211 314 285 214 215 216 863 218 340 462 66 222 875 224 225 405 16 594 430 835 231 223 972 599 593 516 237 846 239 385 443 242 243 866 126 246 247 248 249 867 932 252 253 106 255 3 103 457 721 260 551 49 263 682 265 30 805 268 125 270 822 272 898 274 241 603 149 960 279 280 281 282 283 284 322 286 287 288 948 290 291 292 293 131 295 296 965 298 299 300 344 302 303 304 305 311 678 951 309 958 165 312 313 59 315 316 317 276 319 320 479 734 349 324 325 326 850 355 329 330 277 696 333 334 129 336 337 338 339 262 341 342 297 190 842 153 769 997 882 350 351 352 353 574 168 171 806 358 359 661 361 545 855 327 365 366 527 368 369 437 371 142 373 374 375 376 377 378 7 455 381 382 383 384 744 386 387 388 389 390 271 392 857 394 332 396 397 261 399 400 229 402 403 404 321 406 829 408 161 410 411 234 413 804 459 416 417 611 686 420 896 422 423 712 425 426 427 428 429 348 431 432 433 434 435 436 439 438 54 669 441 442 818 444 445 446 983 448 911 797 555 452 453 454 952 456 538 458 642 881 461 219 141 464 401 466 927 742 185 470 471 472 579 264 475 244 477 478 463 480 481 547 227 991 212 486 487 488 489 490 20 492 493 494 495 496 497 498 499 101 501 634 201 504 505 942 676 391 343 510 511 921 572 273 515 51 986 518 517 520 521 522 817 200 525 526 667 528 529 104 531 532 533 409 535 536 537 473 346 540 541 542 199 544 100 722 509 548 543 550 771 552 294 144 602 556 557 26 151 38 491 562 563 564 565 566 567 568 254 764 571 607 953 127 575 576 354 578 715 785 581 582 583 584 585 831 148 588 60 395 591 592 331 85 595 772 885 598 192 363 601 935 685 812 605 606 301 608 609 610 10 612 613 614 267 616 415 587 619 620 621 622 233 624 465 626 627 19 748 630 156 632 633 419 635 636 424 573 639 640 641 990 372 684 645 646 48 9 460 356 880 139 653 978 42 656 657 987 659 674 841 662 663 664 665 666 794 176 318 670 671 345 673 886 675 98 677 629 679 680 681 81 683 27 637 604 687 688 689 523 691 692 780 694 791 17 112 698 699 379 701 956 703 447 705 628 707 708 758 638 711 832 362 714 308 716 717 718 235 720 328 941 654 962 617 726 727 728 729 730 731 808 733 549 735 736 816 738 739 1 40 232 743 980 745 407 747 570 209 750 751 752 768 754 159 213 421 2 759 760 500 762 600 586 732 766 767 725 335 770 589 534 773 774 756 483 777 778 147 170 781 741 783 784 580 786 787 788 789 790 923 792 793 979 795 796 957 798 546 524 801 802 803 258 174 618 807 108 809 810 847 668 813 814 815 690 825 554 819 820 821 195 823 824 799 724 827 828 449 888 955 440 833 323 643 836 837 838 839 840 36 976 843 844 845 275 220 848 849 761 851 852 853 859 652 856 208 52 357 380 18 862 468 864 865 367 954 868 238 870 871 872 873 559 655 876 877 878 879 615 61 723 883 891 702 87 887 906 693 890 830 779 893 894 41 553 897 132 899 900 901 364 903 904 905 967 907 908 909 910 33 912 913 914 915 63 917 918 919 920 737 4 755 765 925 926 289 928 929 930 931 240 933 934 266 936 937 938 939 940 24 307 943 944 945 946 947 172 949 950 858 530 506 889 230 709 513 76 959 753 961 710 963 964 597 966 102 968 969 970 29 306 138 974 89 236 360 474 854 226 981 971 45 984 985 158 650 988 989 485 811 992 993 994 995 996 150 257
2
2 1
48
15 42 3 18 5 9 29 11 35 10 1 45 13 8 12 20 4 7 19 16 25 31 32 33 43 39 27 22 17 30 26 6 28 24 14 36 40 38 34 2 23 48 21 37 41 46 47 44
6
5 2 3 1 4 6
1000
700 202 882 775 468 151 740 802 134 112 153 831 610 16 501 177 140 243 213 407 949 164 546 289 901 484 65 367 685 479 430 342 612 803 932 868 357 913 136 897 75 996 4 277 415 184 580 944 364 59 233 613 80 954 995 194 671 626 582 324 951 388 737 319 44 643 712 993 525 158 620 86 126 68 149 464 418 950 230 329 297 345 178 266 641 556 221 778 786 478 628 91 144 822 300 764 816 168 283 691 921 635 35 279 540 732 780 409 311 788 273 583 335 535 379 376 503 519 127 771 504 487 933 383 774 814 602 14 435 460 675 83 497 759 965 278 248 662 43 225 914 382 653 349 399 783 361 416 254 482 806 17 808 130 649 204 906 605 397 883 548 154 766 90 132 943 36 332 321 645 313 866 930 257 959 767 696 507 79 37 571 402 1000 251 857 593 271 198 692 956 647 408 765 173 896 438 337 15 659 894 231 137 719 122 190 170 953 148 557 636 657 658 9 853 861 963 160 455 262 981 475 893 909 854 172 756 547 905 53 272 987 723 655 267 183 216 200 828 552 801 795 834 838 563 412 859 476 392 207 656 640 88 637 306 417 614 442 819 889 54 197 701 971 176 684 423 840 509 414 792 252 104 229 513 29 436 534 624 95 629 181 469 858 305 676 902 962 848 510 611 555 705 791 377 505 41 760 489 922 425 473 720 990 654 123 541 632 89 390 755 518 686 952 316 34 821 46 465 110 129 42 704 631 159 161 588 862 772 566 496 855 576 572 244 757 994 384 405 441 523 890 404 353 957 736 915 96 585 983 138 215 350 785 31 650 761 64 247 847 62 27 437 447 236 147 961 748 864 817 663 406 798 911 876 865 584 992 718 103 174 286 235 219 240 754 937 674 648 325 524 28 242 205 381 362 789 338 203 512 568 369 71 63 502 334 728 73 106 426 340 260 393 220 375 462 347 973 167 94 474 639 832 421 940 777 668 678 564 222 13 276 458 638 33 743 575 875 530 550 298 210 526 514 908 303 781 133 179 681 25 886 294 604 47 206 250 829 600 879 287 281 280 268 805 443 195 979 707 333 742 49 938 711 827 616 199 539 863 355 232 683 549 20 223 976 695 100 45 749 70 398 456 873 372 472 844 141 968 500 989 521 166 794 330 615 603 109 609 677 150 185 11 336 24 687 424 787 82 966 978 900 102 201 871 874 274 907 920 715 99 708 208 811 633 18 323 948 872 579 569 488 997 751 58 308 809 427 694 960 988 304 846 255 601 543 114 327 880 5 703 667 293 747 419 483 895 810 189 527 169 916 776 51 652 946 702 312 56 142 135 607 813 964 366 567 594 196 237 826 693 373 958 74 19 57 669 211 380 444 492 387 81 467 666 446 710 560 245 589 690 440 753 395 578 491 925 835 622 823 698 165 116 7 314 433 661 85 891 394 48 214 644 797 212 295 833 618 923 2 413 466 493 733 845 143 32 898 10 77 998 40 226 145 837 241 904 680 903 162 69 597 354 986 445 545 288 936 878 389 926 186 587 836 967 561 570 193 410 706 955 118 209 735 807 599 457 125 318 762 359 927 449 494 536 606 363 322 860 61 486 881 498 942 974 285 885 782 752 131 84 39 411 799 849 763 263 420 969 769 595 977 422 270 495 302 249 714 642 264 265 107 155 139 779 187 972 796 331 559 533 343 617 888 124 163 538 596 67 66 261 918 999 745 480 344 679 818 820 784 434 453 508 553 619 87 439 544 378 768 770 565 461 730 98 522 218 351 790 928 591 76 851 573 238 731 511 282 852 78 253 623 1 50 734 812 939 320 30 651 531 581 665 269 724 6 341 842 586 856 839 800 239 451 750 554 12 646 113 515 228 825 299 551 924 970 450 358 630 292 627 432 660 291 234 931 463 3 21 984 284 101 689 309 227 713 577 941 259 682 38 934 912 60 935 224 562 385 688 471 716 517 356 157 481 8 477 729 975 741 947 529 152 400 574 608 448 985 92 256 919 217 258 739 793 672 725 22 401 727 490 506 301 120 991 26 910 726 348 307 634 598 625 773 670 275 352 721 111 758 454 673 746 368 516 592 470 370 156 884 182 537 371 830 980 386 188 429 982 191 843 328 664 128 841 528 892 146 360 108 326 738 346 175 290 917 428 119 815 877 717 72 246 317 365 452 804 121 431 315 499 403 97 55 115 590 621 339 869 171 485 542 697 899 699 52 310 532 23 850 117 744 558 870 929 391 374 722 296 867 93 180 945 520 396 709 887 192 459 824 105
45
1 2 3 4 40 6 29 27 12 11 8 14 13 9 15 39 17 41 19 7 21 22 23 18 25 26 33 28 5 30 31 32 42 34 35 36 37 38 24 16 10 20 43 44 45
996
823 410 311 217 5 381 2 210 9 333 25 495 262 14 604 16 17 547 434 673 455 742 43 24 610 274 759 785 579 864 392 32 47 238 347 730 552 38 438 829 247 42 366 828 940 492 557 331 978 585 559 856 53 54 898 273 232 74 404 638 353 835 363 64 65 944 667 951 215 617 855 72 866 784 75 589 77 927 768 423 394 433 83 84 781 86 536 886 89 90 582 160 93 277 939 877 97 98 99 567 469 122 119 662 702 301 846 606 109 8 961 291 607 114 115 551 988 310 470 859 429 665 123 745 125 906 488 432 129 202 136 118 270 457 523 230 33 459 139 908 61 142 143 371 913 164 645 148 409 150 151 407 79 154 113 156 157 158 279 329 963 405 163 783 165 879 307 729 169 474 171 172 436 337 175 475 743 178 179 696 358 182 720 593 185 300 187 659 184 629 59 959 19 786 124 899 813 198 897 943 201 540 203 204 958 140 655 733 209 822 761 257 213 965 135 216 776 365 219 362 827 293 528 793 711 571 181 839 517 414 641 902 995 287 970 556 231 698 239 728 282 549 558 494 380 723 316 248 483 693 251 441 838 485 255 256 740 258 4 260 261 332 263 264 852 803 267 725 388 744 603 272 769 341 580 737 630 932 324 280 281 265 647 821 820 286 900 288 289 290 799 292 548 161 774 890 870 473 299 911 252 302 708 942 305 266 110 646 390 812 373 188 313 755 948 618 317 516 428 320 321 322 323 874 325 336 925 636 107 749 798 901 146 454 461 453 339 328 545 225 348 342 660 443 950 346 818 979 529 350 351 352 643 613 395 369 460 401 359 713 361 134 92 335 751 85 845 379 145 936 862 70 214 984 334 376 884 840 222 577 192 382 981 384 385 867 741 88 573 22 391 504 78 782 170 355 397 727 399 663 775 431 738 807 137 406 719 408 141 442 518 412 413 312 415 396 343 418 419 420 482 51 722 424 425 688 427 298 127 666 452 815 605 294 435 590 224 254 986 476 1 487 374 400 445 584 687 448 562 426 451 679 885 153 69 11 594 196 168 508 929 190 941 464 117 309 205 26 199 489 471 472 632 174 883 542 502 478 479 739 861 147 834 686 596 387 403 27 20 597 850 522 493 144 71 631 731 243 623 746 63 566 101 724 195 60 507 87 509 510 511 512 513 919 928 345 132 788 519 21 176 207 235 836 525 372 918 462 31 530 531 66 112 780 985 614 537 538 278 13 515 763 543 753 672 546 661 871 497 625 57 563 572 554 616 766 180 914 437 560 561 37 825 564 565 411 116 568 569 570 541 752 50 574 575 576 634 578 790 393 581 506 166 600 550 664 833 555 52 689 734 592 933 805 389 635 315 356 599 843 601 602 503 268 152 609 12 608 237 484 370 612 848 330 73 377 682 777 236 186 105 945 539 598 480 81 627 628 229 58 801 218 633 653 758 888 637 244 639 533 138 466 498 794 212 44 677 306 649 650 651 957 626 654 809 340 994 95 640 430 271 991 795 865 709 468 588 668 669 670 671 868 303 357 295 234 676 678 103 680 131 858 683 989 39 658 55 535 903 690 360 191 3 276 94 76 697 100 699 700 701 779 703 934 553 194 707 283 211 29 208 712 878 714 718 716 946 80 308 675 130 96 621 880 534 691 364 227 68 622 67 447 439 463 735 736 197 253 149 872 111 458 721 250 223 695 490 49 104 327 924 375 241 949 587 756 757 532 220 456 128 35 882 764 765 889 767 34 249 770 771 772 773 159 189 648 193 806 732 245 417 968 760 56 923 240 787 976 206 167 791 521 500 854 831 796 450 657 398 800 893 802 982 440 710 296 91 491 694 18 155 674 980 814 876 857 120 778 819 226 544 921 378 583 344 748 505 221 816 830 48 259 338 969 285 750 837 367 108 40 841 842 297 844 465 704 847 726 826 956 133 499 586 624 685 762 449 853 30 860 754 851 863 797 974 615 402 520 869 45 23 962 873 275 810 656 446 269 526 715 881 368 177 15 284 326 887 46 983 28 891 892 717 894 975 896 524 644 82 162 527 477 808 904 905 922 907 7 909 910 875 912 354 422 915 916 917 611 652 920 895 792 106 747 595 681 501 304 977 930 931 620 817 349 935 926 937 938 514 824 246 242 496 41 481 966 947 692 102 684 121 811 953 954 955 705 849 591 972 960 832 183 62 964 706 642 967 228 173 421 971 386 973 10 804 36 444 952 486 467 383 233 416 200 314 789 987 619 6 990 126 992 993 318 319 996
2
1 2
998
1 2 3 4 5 6 7 8 9 10 11 12 13 14 15 16 17 18 19 20 21 22 23 24 25 26 27 28 29 30 31 32 33 34 35 36 37 38 39 40 41 42 43 44 45 46 47 48 49 50 51 52 53 54 55 56 57 58 59 60 61 62 63 64 65 66 67 68 69 70 71 72 73 74 75 76 77 78 79 80 81 82 83 84 85 86 87 88 89 90 91 92 93 94 95 96 97 98 99 100 101 102 103 104 105 106 107 108 109 110 111 112 113 114 115 116 117 118 119 120 121 122 123 124 125 126 127 128 129 130 131 132 133 134 135 136 137 138 139 140 141 142 143 144 145 146 147 148 149 150 151 152 153 154 155 156 157 158 159 160 161 162 163 164 165 166 167 168 169 170 171 172 173 174 175 176 177 178 179 180 181 182 183 184 185 186 187 188 189 190 191 192 193 194 195 196 197 198 199 200 201 202 203 204 205 206 207 208 209 210 211 212 213 214 215 216 217 218 219 220 221 222 223 224 225 226 227 228 229 230 231 232 233 234 235 236 237 238 239 240 241 242 243 244 245 246 247 248 249 250 251 252 253 254 255 256 257 258 259 260 261 262 263 264 265 266 267 268 269 270 271 272 273 274 275 276 277 278 279 280 281 282 283 284 285 286 287 288 289 290 291 292 293 294 295 296 297 298 299 300 301 302 303 304 305 306 307 308 309 310 311 312 313 314 315 316 317 318 319 320 321 322 323 324 325 326 327 328 329 330 331 332 333 334 335 336 337 338 339 340 341 342 343 344 345 346 347 348 349 350 351 352 353 354 355 356 357 358 359 360 361 362 363 364 365 366 367 368 369 370 371 372 373 374 375 376 377 378 379 380 381 382 383 384 385 386 387 388 389 390 391 392 393 394 395 396 397 398 399 400 401 402 403 404 405 406 407 408 409 410 411 412 413 414 415 416 417 418 419 420 421 422 423 424 425 426 427 428 429 430 431 432 433 434 435 436 437 438 439 440 441 442 443 444 445 446 447 448 449 450 451 452 453 454 455 456 457 458 459 460 461 462 463 464 465 466 467 468 469 470 471 472 473 474 475 476 477 478 479 480 481 482 483 484 485 486 487 488 489 490 491 492 493 494 495 496 497 498 499 500 501 502 503 504 505 506 507 508 509 510 511 512 513 514 515 516 517 518 519 520 521 522 523 524 525 526 527 528 529 530 531 532 533 534 535 536 537 538 539 540 541 542 543 544 545 546 547 548 549 550 551 552 553 554 555 556 557 558 559 560 561 562 563 564 565 566 567 568 569 570 571 572 573 574 575 576 577 578 579 580 581 582 583 584 585 586 587 588 589 590 591 592 593 594 595 596 597 598 599 600 601 602 603 604 605 606 607 608 609 610 611 612 613 614 615 616 617 618 619 620 621 622 623 624 625 626 627 628 629 630 631 632 633 634 635 636 637 638 639 640 641 642 643 644 645 646 647 648 649 650 651 652 653 654 655 656 657 658 659 660 661 662 663 664 665 666 667 668 669 670 671 672 673 674 675 676 677 678 679 680 681 682 683 684 685 686 687 688 689 690 691 692 693 694 695 696 697 698 699 700 701 702 703 704 705 706 707 708 709 710 711 712 713 714 715 716 717 718 719 720 721 722 723 724 725 726 727 728 729 730 731 732 733 734 735 736 737 738 739 740 741 742 743 744 745 746 747 748 749 750 751 752 753 754 755 756 757 758 759 760 761 762 763 764 765 766 767 768 769 770 771 772 773 774 775 776 777 778 779 780 781 782 783 784 785 786 787 788 789 790 791 792 793 794 795 796 797 798 799 800 801 802 803 804 805 806 807 808 809 810 811 812 813 814 815 816 817 818 819 820 821 822 823 824 825 826 827 828 829 830 831 832 833 834 835 836 837 838 839 840 841 842 843 844 845 846 847 848 849 850 851 852 853 854 855 856 857 858 859 860 861 862 863 864 865 866 867 868 869 870 871 872 873 874 875 876 877 878 879 880 881 882 883 884 885 886 887 888 889 890 891 892 893 894 895 896 897 898 899 900 901 902 903 904 905 906 907 908 909 910 911 912 913 914 915 916 917 918 919 920 921 922 923 924 925 926 927 928 929 930 931 932 933 934 935 936 937 938 939 940 941 942 943 944 945 946 947 948 949 950 951 952 953 954 955 956 957 958 959 960 961 962 963 964 965 966 967 968 969 970 971 972 973 974 975 976 977 978 979 980 981 982 983 984 985 986 987 988 989 990 991 992 993 994 995 996 997 998
996
1 2 3 4 5 6 7 8 9 10 11 12 13 14 15 16 17 18 19 20 21 22 23 24 25 26 27 28 29 30 31 32 33 34 35 36 37 38 39 40 41 42 43 44 45 46 47 48 49 50 51 52 53 54 55 56 57 58 59 60 61 62 63 64 65 66 67 68 69 70 71 72 73 74 75 76 77 78 79 80 81 82 83 84 85 86 87 88 89 90 91 92 93 94 95 96 97 98 99 100 101 102 103 104 105 106 107 108 109 110 111 112 113 114 115 116 117 118 119 120 121 122 123 124 125 126 127 128 129 130 131 132 133 134 135 136 137 138 139 140 141 142 143 144 145 146 147 148 149 150 151 152 153 154 155 156 157 158 159 160 161 162 163 164 165 166 167 168 169 170 171 172 173 174 175 176 177 178 179 180 181 182 183 184 185 186 187 188 189 190 191 192 193 194 195 196 197 198 199 200 201 202 203 204 205 206 207 208 209 210 211 212 213 214 215 216 217 218 219 220 221 222 223 224 225 226 227 228 229 230 231 232 233 234 235 236 237 238 239 240 241 242 243 244 245 246 247 248 249 250 251 252 253 254 255 256 257 258 259 260 261 262 263 264 265 266 267 268 269 270 271 272 273 274 275 276 277 278 279 280 281 282 283 284 285 286 287 288 289 290 291 292 293 294 295 296 297 298 299 300 301 302 303 304 305 306 307 308 309 310 311 312 313 314 315 316 317 318 319 320 321 322 323 324 325 326 327 328 329 330 331 332 333 334 335 336 337 338 339 340 341 342 343 344 345 346 347 348 349 350 351 352 353 354 355 356 357 358 359 360 361 362 363 364 365 366 367 368 369 370 371 372 373 374 375 376 377 378 379 380 381 382 383 384 385 386 387 388 389 390 391 392 393 394 395 396 397 398 399 400 401 402 403 404 405 406 407 408 409 410 411 412 413 414 415 416 417 418 419 420 421 422 423 424 425 426 427 428 429 430 431 432 433 434 435 436 437 438 439 440 441 442 443 444 445 446 447 448 449 450 451 452 453 454 455 456 457 458 459 460 461 462 463 464 465 466 467 468 469 470 471 472 473 474 475 476 477 478 479 480 481 482 483 484 485 486 487 488 489 490 491 492 493 494 495 496 497 498 499 500 501 502 503 504 505 506 507 508 509 510 511 512 513 514 515 516 517 518 519 520 521 522 523 524 525 526 527 528 529 530 531 532 533 534 535 536 537 538 539 540 541 542 543 544 545 546 547 548 549 550 551 552 553 554 555 556 557 558 559 560 561 562 563 564 565 566 567 568 569 570 571 572 573 574 575 576 577 578 579 580 581 582 583 584 585 586 587 588 589 590 591 592 593 594 595 596 597 598 599 600 601 602 603 604 605 606 607 608 609 610 611 612 613 614 615 616 617 618 619 620 621 622 623 624 625 626 627 628 629 630 631 632 633 634 635 636 637 638 639 640 641 642 643 644 645 646 647 648 649 650 651 652 653 654 655 656 657 658 659 660 661 662 663 664 665 666 667 668 669 670 671 672 673 674 675 676 677 678 679 680 681 682 683 684 685 686 687 688 689 690 691 692 693 694 695 696 697 698 699 700 701 702 703 704 705 706 707 708 709 710 711 712 713 714 715 716 717 718 719 720 721 722 723 724 725 726 727 728 729 730 731 732 733 734 735 736 737 738 739 740 741 742 743 744 745 746 747 748 749 750 751 752 753 754 755 756 757 758 759 760 761 762 763 764 765 766 767 768 769 770 771 772 773 774 775 776 777 778 779 780 781 782 783 784 785 786 787 788 789 790 791 792 793 794 795 796 797 798 799 800 801 802 803 804 805 806 807 808 809 810 811 812 813 814 815 816 817 818 819 820 821 822 823 824 825 826 827 828 829 830 831 832 833 834 835 836 837 838 839 840 841 842 843 844 845 846 847 848 849 850 851 852 853 854 855 856 857 858 859 860 861 862 863 864 865 866 867 868 869 870 871 872 873 874 875 876 877 878 879 880 881 882 883 884 885 886 887 888 889 890 891 892 893 894 895 896 897 898 899 900 901 902 903 904 905 906 907 908 909 910 911 912 913 914 915 916 917 918 919 920 921 922 923 924 925 926 927 928 929 930 931 932 933 934 935 936 937 938 939 940 941 942 943 944 945 946 947 948 949 950 951 952 953 954 955 956 957 958 959 960 961 962 963 964 965 966 967 968 969 970 971 972 973 974 975 976 977 978 979 980 981 982 983 984 985 986 987 988 989 990 991 992 993 994 995 996
27
24 2 22 10 5 11 7 8 23 26 9 12 13 14 15 16 17 18 19 25 21 4 20 6 1 3 27
35
1 6 3 4 5 21 7 8 34 10 11 12 13 14 15 16 17 18 19 23 30 22 20 2 25 26 27 28 29 24 31 32 9 33 35
25
15 2 6 12 13 4 19 8 9 10 1 5 21 14 7 16 11 18 17 20 3 22 23 24 25
33
1 2 3 4 5 16 7 14 9 10 11 27 13 12 15 24 17 18 19 20 21 22 23 8 25 26 32 28 29 30 31 6 33
10
1 2 3 7 4 8 6 5 9 10
1000
302 2 3 4 447 6 7 854 9 74 11 388 13 14 15 721 17 685 19 20 21 340 746 514 25 26 27 28 29 30 199 360 501 914 35 36 37 38 555 40 41 42 688 848 605 46 248 48 66 50 739 61 53 378 55 478 57 58 59 60 52 62 63 64 944 49 67 68 69 70 314 72 73 10 75 76 77 235 558 726 380 82 83 84 227 228 87 309 748 90 91 92 95 94 93 96 97 98 99 100 125 682 103 889 630 330 107 819 109 110 111 112 243 346 115 860 117 187 119 120 935 712 123 124 101 126 127 635 129 130 131 132 133 298 135 136 137 138 500 140 141 142 143 387 469 374 147 350 173 150 904 575 153 301 155 244 752 172 159 160 161 920 163 164 165 276 167 196 169 170 171 158 149 174 175 176 177 595 179 180 181 182 183 184 185 186 118 601 189 535 191 192 193 194 195 168 197 329 31 200 201 869 203 204 205 657 207 208 310 210 211 212 213 214 742 216 217 218 261 220 464 222 223 224 225 226 85 86 229 230 231 438 233 234 78 420 852 238 436 240 384 242 113 156 245 246 247 47 249 250 557 252 253 780 932 526 257 367 259 260 219 628 263 264 265 266 267 268 269 270 271 775 273 274 275 166 626 278 279 280 281 693 283 284 559 286 287 288 289 290 291 983 293 294 873 296 297 134 299 825 154 1 303 304 586 306 307 401 88 209 311 312 313 71 315 316 317 766 319 320 321 322 323 782 325 532 327 328 198 106 938 332 333 334 335 336 337 338 339 22 341 342 343 344 348 114 347 345 349 148 351 352 353 354 355 663 915 926 359 32 361 362 363 364 365 366 258 368 369 370 371 372 373 146 385 376 673 54 379 81 381 382 977 241 375 386 144 12 389 390 391 392 908 410 395 396 397 398 399 400 308 402 821 404 405 483 611 408 528 394 411 412 413 669 415 664 417 418 419 236 421 422 423 424 425 426 427 467 644 810 431 538 433 434 435 239 437 232 871 440 530 442 443 444 445 446 5 448 683 450 451 452 453 454 962 899 457 458 459 460 461 462 463 221 465 466 428 468 145 470 471 472 473 474 542 476 477 56 479 480 481 482 406 484 846 486 487 488 489 490 799 492 875 707 855 496 795 498 648 139 33 502 503 504 505 506 868 992 509 510 511 512 942 24 515 516 517 518 519 520 521 522 523 524 525 256 527 409 749 441 531 326 533 534 190 536 537 432 539 540 541 475 543 544 545 546 547 548 549 550 901 552 553 554 39 556 251 79 285 560 561 851 563 564 565 566 567 568 569 570 571 572 573 574 152 576 577 578 876 720 581 582 583 584 585 305 882 588 589 590 591 592 593 594 178 596 978 598 911 600 188 602 603 604 45 606 607 608 609 610 407 612 613 614 615 616 783 618 619 620 621 622 623 624 625 277 627 262 629 105 631 761 655 634 128 636 637 638 639 640 641 642 968 429 645 646 737 499 649 650 651 652 653 654 633 686 206 658 659 743 661 662 356 416 665 666 667 668 414 670 671 672 377 674 675 676 677 678 679 680 681 102 449 785 18 656 687 43 689 690 691 692 282 694 695 696 697 698 699 700 838 702 703 704 931 723 494 708 709 710 711 122 713 714 715 716 717 718 719 580 16 722 706 724 725 80 727 728 729 730 731 732 733 734 735 736 647 738 51 740 741 215 660 823 745 23 747 89 529 750 872 157 753 754 755 756 757 758 759 760 632 767 763 764 765 318 762 768 769 770 771 858 890 774 272 776 777 778 779 254 781 324 617 784 684 786 787 788 789 790 791 792 793 794 497 997 797 798 491 800 801 802 803 804 805 806 807 808 809 430 811 812 813 814 815 888 817 818 108 820 403 822 744 824 300 826 966 828 829 913 831 832 833 834 835 836 837 701 839 840 841 842 843 844 845 485 847 44 849 850 562 237 853 8 495 856 857 772 859 116 861 862 863 864 865 866 867 507 202 870 439 751 295 874 493 579 877 878 879 880 881 587 883 922 885 886 887 816 104 773 891 892 893 894 895 896 897 898 456 900 551 902 903 151 905 906 907 393 909 910 599 912 830 34 357 916 917 918 919 162 921 884 923 924 925 358 927 928 929 930 705 255 933 934 121 936 937 331 939 940 941 513 943 65 945 946 947 948 949 950 951 952 953 954 955 956 957 958 959 960 961 455 963 964 965 827 967 643 969 970 971 972 973 974 975 976 383 597 979 980 981 982 292 984 985 986 987 988 989 990 991 508 993 994 995 996 796 998 999 1000
3
2 1 3
