100
37 18 813495237 888
813408480 813415560 813421437 813425131 813425872 813426137 813426997 813431979 813432884 813435145 813437614 813442437 813445100 813445387 813446125 813447586 813448582 813450561 813452686 813453009 813458866 813461776 813468705 813472432 813473228 813477206 813479016 813479831 813481596 813486961 813487519 813487950 813488011 813488277 813488587 813491364 813492985
98 90 84 79 78 78 77 72 71 68 65 60 57 57 56 54 53 51 48 47 40 38 30 25 25 21 18 18 16 10 9 9 9 8 8 5 3
33 10 322876830 653
322812439 322812445 322823951 322829601 322832220 322836846 322837530 322838128 322840387 322843097 322843971 322844559 322845281 322847227 322847534 322847924 322848588 322848840 322855484 322856575 322856585 322857780 322858185 322858387 322861267 322863194 322863222 322864168 322865849 322867254 322869492 322871860 322873951
99 98 81 73 69 61 60 59 56 52 51 49 49 45 45 44 44 43 33 32 31 29 29 29 23 21 21 20 16 14 12 8 4
50 8 173340411 400
490917 173301470 173304326 173305337 173305518 173305573 173307487 173309271 173309348 173310047 173312184 173312282 173313097 173313973 173314961 173316583 173317138 173319572 173319830 173320012 173320473 173320886 173321951 173322184 173322789 173323150 173323799 173324971 173326455 173326795 173327085 173327593 173328656 173329119 173329427 173329472 173330172 173332508 173333794 173333967 173333970 173335164 173335374 173335572 173336837 173337473 173339148 173339697 173339749 173339800
36 98 97 96 35 93 95 87 79 54 76 89 72 85 95 54 24 66 58 28 68 94 16 94 45 64 43 55 42 98 60 49 74 55 31 98 51 24 38 61 27 54 76 3 13 55 34 1 91 92
29 29 87975850 605
87915936 87917330 87920125 87923745 87924806 87924963 87925834 87928374 87929828 87931401 87931671 87940540 87940680 87943567 87943620 87949508 87952813 87956233 87958107 87959280 87959288 87959977 87961218 87965388 87965909 87968918 87969249 87971225 87973814
75 97 6 6 86 90 95 87 84 74 59 64 37 37 9 82 30 43 18 47 21 4 68 9 19 84 89 7 2
15 12 903524683 662
19194029 903464912 903465124 903477333 903477908 903479376 903481020 903490220 903498784 903499482 903506441 903511143 903512593 903515960 903518350
15 95 45 77 45 95 70 89 64 32 2 11 5 87 12
14 3 212249713 381
212212210 212213459 212215119 212220342 212221502 212225241 212225581 212225707 212226895 212227867 212234226 212235649 212237907 212238119
99 100 98 7 84 40 18 65 50 18 48 64 75 79
10 6 305708731 559
131298236 305658719 305663363 305668194 305669967 305670888 305690737 305701485 305703422 305704289
100 90 82 72 70 68 33 13 10 7
39 21 314947757 137
15214317 314934841 314935193 314935568 314935718 314935871 314936118 314936281 314936628 314936843 314936915 314937112 314937417 314937572 314938299 314938536 314938555 314939500 314939991 314940276 314940603 314940647 314940668 314941144 314942082 314942342 314942596 314943089 314943133 314943237 314943749 314944177 314944254 314945609 314945742 314945834 314945873 314947099 314947429
16 100 19 91 79 52 4 65 1 37 4 92 42 12 54 3 56 11 70 44 90 61 52 4 4 33 15 85 23 23 6 16 17 12 39 11 44 2 68
29 6 199614867 164
14312965 199599978 199600564 199600722 199601398 199601564 199603566 199603746 199604160 199604397 199605102 199605514 199605559 199606203 199607195 199607557 199608121 199608345 199608417 199609737 199609966 199611266 199612234 199612421 199612586 199612664 199613298 199613371 199613831
51 94 5 17 15 97 47 86 27 74 7 100 67 95 86 38 28 60 14 11 25 15 11 6 8 67 80 6 11
18 9 284608863 323
14924986 67698337 284582197 284583416 284586186 284587084 284587874 284590525 284592986 284593306 284596543 284596812 284598034 284598933 284599175 284600349 284604486 284605616
100 100 83 79 70 67 64 57 50 49 38 38 34 30 30 27 13 11
4 2 41268991 61
2117247 11348389 41265513 41268558
100 100 57 8
33 28 87893718 559
2961463 3322952 87840951 87841909 87842340 87843473 87848013 87849192 87851584 87852086 87854345 87855015 87855945 87857478 87859218 87859564 87859596 87861803 87865267 87867329 87867584 87870952 87871179 87873741 87874871 87876577 87883234 87884134 87887644 87887828 87888412 87892053 87892636
14 73 95 100 93 3 90 11 95 95 77 90 63 84 17 86 44 3 25 21 63 46 50 3 49 24 97 11 4 99 57 2 1
12 11 964154802 453
72115324 964113138 964120178 964125369 964128137 964128742 964129855 964134106 964139175 964141812 964144064 964150753
47 94 94 95 52 90 49 98 82 71 40 50
36 6 873700479 313
16533268 873671184 873672401 873672512 873673474 873674552 873675565 873677922 873680006 873680817 873682386 873683501 873684844 873684926 873685290 873686029 873686436 873687009 873688013 873689058 873689278 873689281 873689832 873690591 873691902 873694172 873694916 873695905 873695925 873697337 873697539 873697867 873698199 873698724 873699639 873699737
100 97 22 93 59 84 49 100 95 62 69 78 67 90 52 49 97 93 14 19 8 54 73 98 1 9 53 21 85 29 88 2 2 67 42 2
40 19 413429436 664
8208376 413365886 413366672 413371225 413373785 413375939 413376997 413377410 413377723 413378822 413378920 413383400 413383401 413383789 413389007 413390738 413390877 413392548 413394796 413395498 413398477 413398872 413400643 413401595 413401633 413401679 413403395 413403780 413404251 413408292 413409239 413414432 413416377 413417170 413418155 413420739 413421616 413426899 413426911 413428069
90 98 31 95 97 99 84 83 92 77 16 91 95 83 64 67 94 79 27 77 99 52 99 89 7 64 62 40 56 94 39 47 71 39 10 95 6 58 59 68
6 5 222435784 356
222417934 222421174 222421262 222423044 222425040 222428772
62 97 90 41 67 69
42 17 245730411 365
1069598 245695168 245697045 245698331 245699724 245701320 245701965 245702007 245704029 245705294 245706293 245706645 245706801 245706898 245709420 245709549 245709848 245709970 245710455 245710938 245710990 245711373 245711592 245711610 245713053 245713983 245715992 245716507 245716676 245716913 245717823 245720101 245720203 245721002 245721577 245722331 245722518 245723423 245725215 245728381 245728629 245729318
79 99 89 95 87 88 47 3 74 29 89 97 39 75 21 16 56 90 75 28 37 68 45 73 46 94 59 43 23 8 20 12 14 89 83 74 21 26 64 1 81 62
21 16 549030904 834
548948410 548950195 548950899 548966742 548973563 548974031 548974254 548990381 548995564 548998708 548998809 549002401 549010370 549014023 549015417 549021013 549022359 549024783 549025819 549025917 549026914
100 97 97 88 99 73 88 75 67 49 7 79 41 22 10 90 76 43 61 25 11
37 1 606066603 422
4646004 34295748 606027133 606027801 606029199 606031703 606032834 606034041 606036339 606037500 606037774 606038842 606039564 606040073 606040215 606040429 606041011 606041191 606041542 606042716 606043618 606043945 606043969 606044673 606046935 606049596 606049598 606050570 606050643 606051026 606051760 606052530 606054802 606055610 606055960 606056676 606061962
3 87 60 91 48 3 22 46 23 12 8 34 87 24 34 58 13 30 41 29 50 24 37 32 1 30 26 5 6 32 10 5 58 25 1 17 2
17 3 180220522 540
6576684 29075652 180175101 180175839 180177164 180178550 180185806 180185813 180187395 180192579 180199721 180200550 180202492 180203911 180205498 180210276 180215270
67 26 85 89 2 11 2 40 1 58 37 50 27 94 19 71 4
16 11 655042779 388
655007877 655010275 655013964 655015423 655021322 655022497 655023474 655025254 655025899 655026927 655028688 655029504 655031376 655031816 655032174 655033933
17 27 67 13 29 31 59 4 97 92 45 4 27 17 9 50
50 25 480480666 362
480444828 480444934 480445446 480446043 480446821 480449553 480450003 480452505 480452880 480453551 480453720 480453742 480454967 480455082 480455290 480455369 480455568 480455579 480456474 480456929 480459142 480459408 480459629 480460476 480460745 480460836 480460983 480461491 480462081 480463222 480466927 480467222 480467510 480468036 480468384 480469526 480470551 480471108 480472700 480472750 480472789 480472983 480473410 480474303 480474656 480476488 480477392 480478454 480478734 480479368
99 99 98 96 94 86 85 78 77 75 75 75 71 71 71 70 70 70 67 66 60 59 59 56 56 54 54 52 51 48 37 37 36 34 33 30 27 26 22 21 21 21 20 17 16 11 9 6 5 3
2 1 50464335 24
50461970 50462439
100 89
5 2 834013314 793
151733864 302829914 833976407 833987541 834001448
100 100 47 32 15
7 2 780368602 670
780306074 780314206 780322738 780333780 780341574 780344871 780366603
93 81 68 52 41 36 2
31 30 683074575 33
683071430 683071523 683071566 683071697 683071840 683071875 683071946 683071955 683071966 683072111 683072284 683072313 683072419 683072607 683072782 683072944 683073044 683073099 683073193 683073227 683073295 683073431 683073486 683073503 683073666 683073795 683074017 683074067 683074123 683074275 683074362
96 93 92 88 83 82 80 79 79 75 70 69 66 60 54 50 47 45 41 41 39 34 33 33 28 24 17 16 14 10 7
50 25 87010883 297
86984871 86984890 86985225 86985399 86985622 86986013 86986095 86986963 86987345 86987450 86987952 86988624 86988705 86988763 86989700 86989793 86990120 86990889 86991168 86991453 86992433 86992515 86993956 86995719 86996197 86997250 86997323 86997804 86997810 86998360 87002049 87002351 87002887 87002988 87003094 87003621 87004058 87004308 87005178 87005635 87006571 87006723 87006971 87006983 87007260 87007756 87008267 87009210 87009978 87010451
88 65 90 96 98 49 81 71 82 59 98 98 95 18 69 84 90 58 76 88 77 54 32 88 72 65 97 66 80 43 58 10 90 45 59 64 46 11 94 16 14 51 7 35 33 78 84 77 29 46
46 9 44938323 922
44846921 44849440 44850038 44854057 44858697 44860072 44862911 44864241 44872227 44874739 44875748 44876766 44879990 44881297 44888343 44888852 44891001 44894485 44895221 44899293 44900009 44901217 44903201 44904280 44904488 44905563 44906833 44907429 44909986 44913142 44916613 44917159 44920313 44921672 44923859 44924371 44924454 44926442 44926820 44928042 44928746 44930614 44931090 44932072 44936562 44936974
100 94 59 29 93 68 75 14 97 47 88 73 81 69 48 58 28 62 6 34 19 24 31 2 31 26 13 81 18 8 10 38 85 32 88 5 75 4 3 3 92 4 1 8 1 38
20 4 488739540 45
46033251 115188676 488735329 488735338 488735431 488735698 488735714 488735841 488736059 488736130 488736254 488736409 488736568 488737527 488737709 488737869 488738031 488738586 488738688 488739402
10 38 98 15 7 57 73 44 90 91 94 33 67 24 23 32 4 15 7 89
18 2 862591957 613
862533691 862534149 862535256 862537216 862538703 862541689 862545245 862546234 862547906 862549695 862558245 862566950 862568508 862569011 862569848 862570212 862589808 862590287
97 95 99 97 87 88 92 76 87 90 11 99 99 56 73 75 26 33
41 37 803324002 240
19934465 803300231 803300265 803300575 803300682 803301060 803301540 803302005 803302747 803303377 803303896 803303997 803305865 803307902 803308009 803308015 803308661 803309146 803310656 803310941 803311020 803311242 803311682 803312166 803312231 803312310 803312530 803313616 803315369 803315523 803315623 803315802 803315860 803316053 803316056 803316125 803321176 803322067 803322426 803322827 803323526
100 100 99 97 98 95 94 91 89 85 83 84 76 67 67 67 63 62 56 55 55 53 51 50 50 48 48 44 36 35 35 34 33 33 34 32 11 8 6 4 2
32 22 959461356 158
959445943 959445950 959446326 959446688 959447436 959447726 959447976 959448356 959448948 959449634 959449839 959449889 959450308 959450384 959451209 959451340 959451365 959452824 959453005 959454297 959454538 959456084 959456442 959457588 959458295 959459288 959459308 959459382 959459406 959459522 959460363 959460632
100 98 99 94 96 90 92 100 93 98 89 90 98 13 86 85 96 78 64 84 61 52 18 26 23 58 72 49 7 72 64 100
3 2 624042818 37
624040513 624040735 624042147
3 71 9
22 14 985722668 975
985627566 985628426 985630712 985633685 985635075 985642598 985645613 985646251 985650653 985656263 985657067 985658978 985660265 985663654 985667625 985667902 985671891 985706411 985708336 985713659 985715158 985717179
98 98 100 56 98 57 69 67 83 72 72 6 77 74 97 97 88 94 11 42 1 1
41 22 595511498 618
7494335 595451905 595459139 595459172 595459992 595460986 595466306 595467281 595467554 595469004 595470705 595474223 595474301 595474436 595478599 595479327 595482735 595483906 595484471 595485417 595485909 595488162 595488865 595490238 595491827 595492556 595493038 595493732 595494111 595495308 595496849 595497971 595498621 595498975 595502296 595503621 595504211 595505430 595508673 595510118 595510351
63 97 56 87 85 86 85 78 93 91 82 10 77 65 22 100 83 46 81 7 14 69 10 26 20 56 25 8 77 37 65 82 89 6 2 3 73 57 81 1 28
9 1 142902310 830
142829708 142831672 142839039 142847927 142850073 142854444 142859639 142870826 142884975
88 85 76 65 63 57 52 37 20
46 16 272790368 611
3028624 272732336 272733379 272733536 272736343 272736508 272737124 272742789 272743752 272744643 272744994 272749444 272749878 272751435 272751564 272751598 272752338 272753399 272755233 272760537 272761750 272762003 272762078 272763166 272763277 272763717 272765329 272766800 272766976 272767942 272769657 272770585 272773175 272774763 272774813 272775345 272776858 272780528 272783084 272783396 272784267 272785464 272788470 272788618 272789210 272789339
90 100 96 97 95 99 90 88 80 95 97 85 84 94 56 30 87 55 27 92 27 54 71 30 55 39 23 57 20 54 49 99 83 11 64 45 30 4 77 44 41 56 3 33 1 94
32 3 958032307 482
957984131 957985822 957986974 957988505 957989796 957990311 957991456 957992243 957992522 957994389 957994443 957996731 957997534 958000769 958001106 958001979 958002000 958002359 958002510 958002643 958006313 958008888 958010008 958012763 958015574 958017095 958017312 958019534 958025518 958027624 958029407 958031283
100 96 94 91 88 88 84 84 83 78 78 74 72 66 65 62 63 62 62 62 53 49 46 40 34 31 31 27 14 10 6 3
40 21 635549297 948
635456528 635457108 635458509 635460158 635460548 635461329 635464372 635464526 635472811 635474945 635477540 635478299 635483982 635484374 635486331 635487067 635487081 635489050 635493351 635497101 635497835 635502897 635504773 635505108 635505174 635508772 635521494 635523282 635526294 635528865 635530641 635531019 635531279 635536389 635537803 635538317 635539278 635540406 635545907 635548018
100 100 100 100 1 63 77 97 88 47 98 100 76 61 7 94 79 83 5 33 58 75 83 2 59 66 68 45 28 91 7 96 36 95 89 62 46 28 30 1
36 3 510670643 163
510654370 510654427 510654910 510655360 510655521 510656184 510656661 510657094 510657545 510657571 510657739 510658143 510658802 510659665 510661794 510661921 510662015 510663173 510664365 510664571 510664754 510664903 510664982 510665080 510665442 510665771 510666162 510666342 510667123 510667308 510667312 510668615 510668636 510668919 510670027 510670095
99 99 96 94 92 88 85 83 80 80 79 77 72 67 54 53 52 45 38 37 36 35 35 34 31 29 28 26 22 20 20 13 12 10 3 3
15 3 300415986 331
300386859 300390555 300391267 300401335 300402332 300405785 300406491 300406755 300407319 300408577 300409581 300409651 300410653 300412813 300415059
99 83 92 69 47 43 43 3 42 96 45 20 3 91 24
49 27 579501681 354
579466444 579467667 579468804 579468899 579470262 579471289 579471308 579471915 579473958 579475510 579476410 579476492 579477847 579477928 579478852 579479019 579479082 579479176 579479895 579480019 579481205 579482273 579482598 579484533 579484990 579485056 579485058 579486686 579487690 579487920 579488634 579488646 579489432 579491094 579491254 579492324 579493071 579493176 579495310 579495413 579495993 579496458 579496749 579496831 579497794 579499467 579499685 579500196 579500746
17 97 47 100 97 87 86 96 81 84 73 70 83 91 45 42 96 60 66 88 11 95 13 9 30 75 70 4 49 48 56 3 69 43 82 80 93 24 31 88 65 98 4 33 19 33 75 97 2
49 13 186635623 492
186587480 186587829 186589888 186590775 186593269 186593728 186594931 186595431 186596950 186597839 186598523 186598606 186601537 186602356 186602756 186604218 186604984 186605903 186606901 186607032 186607350 186608837 186610836 186610959 186613944 186614667 186614930 186615122 186616053 186616246 186616886 186617535 186619335 186620137 186622173 186622648 186625177 186625566 186627953 186628957 186629408 186629614 186630341 186630614 186631494 186632603 186632870 186633270 186633978
97 98 92 91 86 85 82 81 78 76 76 75 69 68 66 63 62 60 58 58 58 54 50 50 44 42 42 41 39 39 38 36 33 31 27 26 21 20 16 13 12 12 10 10 9 6 5 4 3
47 4 395149655 871
395066438 395066521 395069123 395069189 395069799 395070779 395070994 395071423 395073410 395074659 395075026 395075717 395075956 395075964 395078415 395078639 395079908 395081772 395082344 395083821 395084924 395087701 395087996 395090320 395091659 395099229 395100969 395101607 395106482 395108729 395111401 395111552 395115291 395117089 395118815 395121666 395128234 395128570 395128768 395129548 395131105 395137337 395137723 395138107 395138582 395139037 395143333
96 4 51 5 99 51 44 48 26 99 57 79 26 4 65 65 90 91 69 52 38 24 33 29 45 30 14 35 42 43 34 42 6 12 9 79 14 24 23 18 93 7 71 7 5 11 1
29 16 776951375 881
776866286 776872606 776880542 776881123 776886928 776892929 776896534 776900283 776900381 776901524 776901819 776908837 776913948 776914374 776916138 776916168 776916849 776919225 776920907 776922729 776923744 776928280 776930679 776935017 776937066 776945223 776945308 776949780 776950373
97 89 80 79 73 66 62 57 58 56 56 49 43 41 40 39 39 36 35 32 32 26 23 19 16 6 7 1 2
38 38 728855280 984
2449616 728759783 728762350 728765258 728770640 728770853 728772930 728776960 728780888 728781197 728782210 728783677 728784697 728786715 728787100 728790480 728795259 728797149 728803187 728803369 728805009 728805636 728807098 728807147 728812801 728814672 728816271 728825667 728830124 728832037 728833033 728833340 728838295 728846598 728846749 728848212 728851746 728852641
9 99 96 87 27 100 48 100 53 12 90 68 87 71 51 65 3 7 45 93 8 33 41 96 20 88 45 91 39 75 4 36 43 13 2 44 33 69
50 25 433993296 116
433981948 433981959 433982298 433982333 433982571 433982609 433983117 433983665 433983815 433984092 433984241 433984256 433984278 433984423 433985083 433985194 433985198 433985293 433985541 433986188 433986234 433986317 433986594 433986666 433986911 433987005 433987118 433987326 433987426 433987466 433987832 433988465 433988851 433988874 433988942 433988959 433989360 433989376 433989860 433989945 433990010 433990054 433990955 433991178 433991348 433991578 433991757 433991835 433992058 433993102
99 98 99 97 93 94 89 100 89 96 92 87 94 90 72 100 80 89 81 99 67 63 59 75 94 30 4 44 2 42 6 34 16 15 2 22 6 32 3 14 13 1 14 7 7 10 12 7 8 1
18 2 533339771 533
36226030 75091229 533298068 533299644 533302513 533310830 533312558 533316058 533316755 533318906 533319533 533324677 533325272 533326646 533327390 533327600 533333540 533338123
100 100 79 75 70 54 52 45 44 40 38 29 28 24 24 23 12 3
9 7 635384906 873
635297815 635321486 635323343 635358549 635359362 635359513 635370232 635379747 635383961
100 92 95 88 86 80 94 20 50
42 24 557759774 103
557749566 557749621 557750306 557751153 557751214 557751304 557751465 557751767 557752013 557752124 557752213 557752431 557752583 557753178 557753390 557753565 557753900 557753933 557754845 557754884 557754987 557755027 557755311 557755445 557756232 557756311 557756500 557756541 557756644 557757169 557757487 557757779 557758129 557758328 557758390 557758492 557759115 557759414 557759516 557759572 557759582 557759614
100 100 95 88 96 2 93 61 84 55 12 24 84 90 35 99 25 24 99 81 52 34 27 67 92 76 94 49 22 5 70 46 58 11 41 39 95 2 2 25 1 17
40 12 512128370 909
512037481 512043833 512044650 512048138 512049069 512049316 512050350 512051249 512052978 512052986 512057155 512058457 512059514 512061257 512063194 512066124 512069886 512071814 512075801 512077903 512078189 512080489 512083935 512083999 512084891 512089840 512091704 512095583 512096352 512105896 512106549 512109403 512109943 512110580 512111574 512114304 512118094 512121802 512126120 512126162
100 25 17 93 91 95 97 96 60 4 84 89 5 76 76 97 8 91 31 79 36 1 95 65 3 53 98 30 52 80 4 47 16 38 11 2 38 5 2 2
6 2 493370511 771
25019912 96801350 493338632 493362842 493367980 493369004
97 45 49 100 30 78
43 40 831078965 518
831027817 831028580 831029300 831029773 831035979 831036188 831037373 831037459 831038298 831039068 831040014 831040172 831041114 831042081 831042416 831044417 831047491 831048006 831051816 831052374 831052849 831053248 831053425 831053435 831054195 831054742 831056405 831056785 831058186 831058453 831058631 831060475 831061146 831062247 831063233 831064481 831065252 831068613 831069743 831069806 831072476 831073733 831076932
99 98 96 96 83 100 83 99 98 98 44 52 100 22 90 97 84 86 23 63 61 41 4 85 57 58 81 100 75 94 75 98 92 48 92 91 2 68 15 6 94 64 38
23 20 682275821 579
682218607 682221295 682221764 682222327 682223363 682227809 682227951 682231129 682232103 682234474 682237061 682240237 682240245 682240945 682246658 682247229 682249178 682251222 682252477 682253807 682255479 682268760 682271594
100 97 99 94 98 97 100 94 96 96 78 92 84 75 55 96 64 88 95 73 61 44 57
31 6 930649513 713
930580487 930582089 930582891 930587793 930589182 930589700 930589853 930590782 930591308 930593103 930593644 930598751 930603223 930604210 930604951 930611458 930615027 930619996 930624136 930627675 930627934 930628455 930636246 930636926 930638730 930641089 930643921 930644363 930645497 930645822 930646825
97 94 93 86 84 83 84 82 82 79 78 71 64 64 62 53 49 42 35 31 31 29 18 18 15 11 7 8 5 6 4
29 2 818960322 445
818918852 818918857 818919148 818919335 818919536 818920673 818924686 818926112 818927304 818927447 818931096 818932889 818935861 818936141 818936559 818939040 818942353 818943803 818943815 818945868 818946839 818950525 818950904 818952597 818953698 818955924 818956336 818958495 818958507
94 93 93 92 92 90 81 76 74 73 66 62 55 54 54 47 40 38 38 32 30 23 22 18 15 10 9 4 4
41 5 610197724 561
610143027 610143692 610143981 610144462 610145456 610146301 610147037 610151532 610152018 610152348 610153003 610153109 610153305 610155448 610157719 610158917 610160045 610160573 610161530 610161744 610163295 610166068 610167980 610168801 610168993 610169270 610174255 610174768 610178896 610179546 610180172 610181524 610182278 610183180 610183186 610185706 610186089 610187305 610192584 610193849 610197063
98 31 55 25 9 88 5 100 94 32 88 65 44 96 21 3 100 95 32 39 27 12 46 27 65 7 11 2 10 22 2 25 10 14 3 62 8 37 1 3 1
20 10 200715852 46
200711900 200711909 200712099 200712286 200712335 200712614 200712640 200712764 200712887 200714169 200714329 200714520 200714737 200715127 200715401 200715492 200715521 200715549 200715575 200715726
92 100 4 7 68 84 100 36 51 52 78 16 46 73 37 1 2 71 68 86
32 22 648091170 81
648083071 648083255 648083414 648083715 648084008 648085156 648085750 648085964 648086042 648086598 648086791 648086862 648086963 648087150 648087802 648087984 648088294 648088384 648088628 648088916 648089040 648089222 648089369 648089624 648089637 648090021 648090281 648090765 648090821 648090925 648090940 648090947
100 97 95 92 88 74 66 64 64 57 55 54 52 49 41 39 36 35 31 28 26 24 22 20 19 14 10 4 4 4 3 3
34 10 947596508 92
947588076 947588198 947589023 947589713 947589787 947589978 947590088 947590266 947590818 947590866 947591123 947591163 947591285 947591321 947591776 947592041 947592140 947592208 947592485 947592873 947592882 947593047 947593126 947593414 947593543 947593765 947594014 947594023 947594042 947594117 947594443 947595599 947596189 947596345
100 92 83 74 84 50 49 40 82 80 71 8 64 13 16 47 68 4 72 45 87 31 70 84 32 99 25 27 20 27 73 49 53 1
46 17 301775208 164
10771597 301759980 301760101 301760245 301760758 301760775 301761021 301761366 301761377 301761654 301761680 301762116 301763046 301763085 301764143 301764205 301764337 301764676 301764863 301765527 301765603 301765628 301765887 301765909 301766055 301767015 301767016 301767025 301767945 301768088 301768803 301770357 301770481 301771594 301771722 301772093 301773473 301773723 301773838 301773881 301774684 301774836 301774902 301774979 301774988 301774996
100 93 92 91 89 89 87 85 85 82 83 80 75 74 67 67 67 64 64 60 59 58 57 57 56 49 50 50 45 43 40 30 29 23 22 19 11 9 9 8 4 3 2 2 2 2
8 1 891557125 266
265409692 891532268 891536690 891543208 891543401 891546519 891553439 891553862
97 99 46 26 78 29 1 10
17 6 321338009 86
321329810 321330962 321330964 321331160 321331349 321331791 321332738 321333080 321333325 321333388 321334218 321334971 321335038 321335513 321335679 321337175 321337299
96 81 81 80 78 72 62 58 55 54 45 36 35 29 28 9 9
36 28 858591320 790
25651870 858521878 858522788 858524546 858525357 858531223 858534315 858534994 858535139 858535647 858542407 858549168 858551228 858554117 858554313 858555268 858555795 858556231 858559849 858560260 858560352 858563534 858565893 858571400 858571833 858572786 858576645 858577178 858579423 858579984 858582436 858583384 858585005 858586631 858586942 858588220
100 87 86 85 84 77 73 72 71 71 62 53 51 48 46 46 44 45 39 39 39 35 32 26 25 23 18 17 15 14 11 11 8 5 6 3
25 14 70311022 911
70223398 70224062 70227752 70230002 70233242 70237325 70239648 70243873 70246484 70257002 70262376 70264933 70264965 70266682 70268521 70268927 70276268 70277666 70283499 70288656 70290554 70292034 70294633 70296699 70304024
97 96 92 89 86 80 79 73 71 60 53 51 50 48 46 47 39 36 30 25 22 21 18 16 7
5 5 499631780 107
499623422 499626220 499627463 499631076 499631280
79 52 41 7 5
5 2 857585525 856
857504094 857509378 857516861 857557095 857560828
12 89 88 78 96
23 23 946639530 325
946607796 946607948 946609718 946610173 946611167 946614280 946617059 946617591 946619552 946619789 946620186 946620881 946621881 946622470 946622737 946624396 946625242 946627377 946627592 946629981 946631440 946632102 946632632
98 100 96 97 89 78 93 5 93 61 98 86 29 63 86 8 60 85 68 54 60 27 27
22 21 290752362 418
290710582 290710709 290711372 290712195 290713285 290714023 290714637 290714979 290715447 290717070 290718948 290721068 290721691 290725355 290727920 290727927 290730584 290731158 290740809 290741178 290741705 290748975
100 100 99 97 100 95 95 37 95 96 91 73 70 48 74 100 76 57 89 50 57 67
7 3 385136445 696
385078762 385079646 385099700 385118873 385127803 385128600 385132224
90 93 76 89 12 4 5
18 13 732875040 848
732791098 732792639 732793476 732797761 732803504 732807256 732816288 732820754 732831091 732840096 732840946 732842473 732851240 732854661 732859555 732861440 732867482 732874049
98 98 97 92 84 80 69 65 51 42 40 38 28 24 19 16 9 1
8 8 881363031 340
881335011 881337644 881340460 881347891 881349381 881361733 881362173 881362531
100 35 8 58 81 50 2 1
20 5 84856783 760
84785119 84794071 84796496 84798587 84801980 84804513 84805373 84805375 84807404 84815585 84818228 84825347 84832155 84840302 84841544 84844001 84848640 84851378 84853084 84853784
97 32 8 18 42 15 63 7 63 92 4 53 3 2 23 12 24 2 4 3
42 32 340072193 526
340019722 340020168 340020854 340022174 340023598 340025224 340026008 340026086 340028507 340028594 340028955 340029198 340029393 340031841 340033398 340035737 340036084 340038048 340042146 340044471 340047097 340047730 340050822 340050931 340053692 340054451 340054927 340057331 340057728 340061114 340061928 340061931 340065991 340066293 340066386 340066531 340067649 340067766 340070001 340070398 340070914 340071115
100 99 98 96 92 90 87 88 84 83 83 82 82 77 73 69 69 64 58 53 48 47 40 41 36 34 33 28 28 22 19 19 11 12 11 11 9 8 5 4 3 3
7 5 344004587 564
343963464 343972534 343976283 343978430 343979954 343991965 344002806
95 22 57 62 87 53 51
50 21 383421707 447
383379939 383382366 383382557 383382825 383383025 383383345 383385359 383386772 383387313 383387620 383387939 383388260 383388538 383389822 383392345 383392824 383393419 383393789 383394191 383394568 383396216 383397880 383399598 383399792 383400399 383400434 383400860 383401069 383402576 383402712 383403124 383403256 383403705 383404413 383405684 383406273 383407284 383408303 383409387 383409530 383409587 383410762 383410889 383411503 383412469 383413406 383413719 383416033 383416034 383417094
98 64 98 82 89 99 82 99 85 96 85 75 80 93 77 70 95 87 82 6 88 18 6 70 37 59 47 80 87 66 62 74 7 52 52 9 66 86 46 62 39 100 67 64 70 88 34 66 98 65
12 5 342588973 620
342552000 342557112 342559962 342560622 342569315 342569473 342573311 342575509 342582135 342582311 342583752 342588105
76 86 93 83 47 50 39 93 92 30 17 97
42 31 285211838 822
285130367 285136096 285137089 285138942 285140383 285141835 285142670 285143260 285145660 285147458 285147794 285148230 285149005 285151952 285153889 285156737 285160264 285163703 285163911 285165575 285165692 285165860 285167486 285171061 285171348 285173146 285178488 285183351 285184019 285184286 285185096 285188327 285188592 285192509 285193434 285197136 285200385 285200729 285200845 285204504 285205280 285205534
100 96 100 99 66 40 96 91 99 98 78 81 1 74 82 69 91 94 86 88 62 87 92 61 94 90 68 52 97 68 94 89 69 83 81 52 62 65 49 4 35 81
15 14 892732576 340
172239627 194088278 892702343 892703082 892705579 892706565 892706882 892708621 892708914 892714326 892715327 892722336 892723394 892728608 892729418
32 66 97 95 92 79 9 95 99 76 33 72 93 45 42
29 2 354133079 504
22275067 42491143 49300858 74422871 92663233 354092843 354092996 354093436 354094356 354097514 354101328 354102274 354103006 354103460 354105252 354106169 354107094 354108862 354112365 354114085 354114107 354115869 354120062 354123992 354128583 354128690 354129550 354131562 354131778
100 100 100 100 100 79 79 78 76 70 62 61 59 58 55 53 51 48 41 37 37 35 25 18 8 8 7 3 2
36 8 865451575 391
865412557 865414948 865415151 865418645 865419435 865419869 865420196 865421232 865421423 865421917 865422857 865423255 865424180 865425803 865427226 865428289 865430393 865430549 865430917 865430977 865431587 865431899 865432572 865433564 865435454 865436743 865437500 865438853 865440192 865440839 865442111 865447436 865448301 865449102 865449380 865451054
100 95 96 97 97 96 89 82 88 65 77 86 83 99 84 92 15 61 56 90 77 82 30 81 23 80 79 40 81 72 49 18 56 33 6 50
25 12 754220231 714
754154736 754155194 754156770 754162485 754163203 754165229 754167623 754168142 754172133 754174060 754175042 754177572 754184189 754184437 754187570 754187628 754189359 754193568 754200426 754200825 754202772 754204883 754209706 754214504 754218636
37 89 97 72 45 24 79 15 47 80 85 100 59 98 77 8 22 97 53 32 34 15 79 6 2
25 2 899219281 768
899147602 899150100 899150340 899153716 899161184 899162007 899162331 899163452 899165618 899167829 899171785 899173264 899191336 899191848 899192928 899197157 899197706 899198929 899205552 899212644 899213186 899213613 899215519 899215639 899216344
18 50 84 62 8 25 54 65 15 47 77 59 15 31 19 19 22 20 13 7 7 6 1 33 3
4 4 742113953 374
742083090 742093841 742097770 742105045
85 99 62 13
14 4 326772504 896
326693951 326703426 326707479 326712863 326718386 326726740 326728531 326730229 326732760 326741847 326744607 326752092 326759657 326765859
94 65 75 72 58 100 100 38 30 80 26 21 5 5
48 12 720142331 786
720068278 720071799 720072492 720072855 720073445 720078612 720079101 720080732 720082639 720084634 720086284 720087110 720087492 720087693 720087866 720089582 720089654 720090891 720092872 720093290 720093297 720093355 720093920 720102780 720107414 720107678 720108098 720110868 720112596 720112940 720113620 720114794 720115638 720118486 720118544 720119608 720122531 720122540 720122571 720122826 720123078 720123756 720124450 720126634 720128576 720130600 720135433 720139311
95 96 91 17 30 31 85 89 2 87 24 17 50 79 100 91 73 84 43 21 88 9 83 57 22 51 70 24 60 53 47 53 78 25 64 2 98 7 64 69 61 91 13 24 91 34 92 90
37 31 51651972 81
1726483 51644351 51644613 51644645 51644931 51645152 51645474 51645509 51645619 51645837 51646027 51646185 51646325 51646581 51646660 51646701 51647273 51647312 51648048 51648125 51648304 51648357 51648659 51648791 51648939 51649035 51649212 51649741 51649749 51649786 51650365 51650997 51651041 51651046 51651495 51651651 51651734
36 96 41 85 95 93 72 90 84 92 100 95 72 27 30 98 42 62 31 66 8 94 76 10 21 27 20 77 19 5 56 10 57 89 40 3 1
24 3 407610051 309
29642877 407581119 407581704 407582049 407583243 407583936 407584642 407585139 407590798 407591335 407591948 407593229 407593725 407594179 407594325 407595949 407596286 407596800 407597763 407598436 407598876 407600019 407607137 407609439
78 99 98 84 20 46 7 82 64 12 92 6 16 38 25 5 37 13 32 55 35 32 8 1
15 8 223207115 848
223122688 223133234 223140973 223140975 223143621 223165070 223174121 223180652 223190800 223191453 223192450 223192560 223197739 223204667 223206232
100 99 93 85 94 65 54 41 42 36 84 92 49 44 60
12 11 525787831 172
30609397 61082331 525774179 525774283 525775278 525776009 525776440 525778317 525782055 525783066 525783355 525784794
100 100 80 78 73 69 66 55 34 28 26 17
47 25 168917895 749
6641872 168845120 168848028 168848994 168849087 168849376 168850464 168852000 168852242 168853120 168855541 168855981 168859346 168863640 168865729 168869011 168869441 168878569 168879040 168879493 168881520 168883250 168884258 168884353 168884894 168886240 168887201 168887494 168891206 168892675 168892991 168894347 168896291 168896525 168900044 168900257 168903967 168904765 168906959 168907978 168908275 168908879 168910819 168911353 168911845 168912952 168915354
4 99 71 93 100 92 100 95 94 78 91 82 85 98 96 92 75 71 71 53 71 88 76 82 100 66 3 72 16 95 97 17 42 26 35 10 98 10 58 1 3 35 21 36 17 3 91
47 9 467892546 915
467803158 467809135 467810337 467810799 467813916 467818552 467823231 467826206 467828448 467828965 467830740 467831043 467831107 467834725 467835844 467835911 467839229 467839674 467840708 467841254 467842049 467842317 467842826 467845712 467845811 467847896 467849062 467849878 467854395 467857409 467865693 467866083 467866408 467870594 467871101 467874024 467874695 467875062 467876710 467878174 467879856 467880921 467883423 467884532 467885361 467888935 467890438
98 67 99 31 80 36 82 5 16 62 15 82 54 40 21 45 85 11 69 81 53 29 33 28 38 27 21 85 73 25 12 20 46 11 20 77 8 8 8 4 3 6 29 75 3 3 40
29 1 145622791 9
6866295 145622023 145622055 145622059 145622085 145622146 145622169 145622205 145622279 145622301 145622337 145622378 145622387 145622426 145622467 145622482 145622503 145622506 145622511 145622512 145622515 145622535 145622537 145622568 145622657 145622668 145622686 145622702 145622759
33 47 36 9 49 56 36 79 33 54 57 20 27 5 22 10 21 3 1 29 26 24 4 24 4 4 3 9 1
26 5 844210738 42
35980530 53574441 140362523 157815377 844206939 844207099 844207337 844207523 844207547 844207711 844207958 844208062 844208387 844208401 844208825 844208881 844208966 844209299 844209485 844209606 844209960 844210012 844210212 844210224 844210225 844210370
7 98 45 7 100 66 58 82 1 15 41 100 25 40 16 18 6 53 1 7 14 13 11 2 7 2
37 28 305818078 718
3231709 15425656 305751369 305751889 305752266 305752360 305752733 305753209 305753450 305753954 305754384 305754493 305755911 305756078 305757128 305757742 305759492 305761749 305762262 305763468 305766215 305767688 305769614 305775466 305778023 305782396 305785729 305793881 305794571 305796129 305799032 305801568 305805284 305807167 305808547 305814926 305815468
31 28 95 24 15 92 96 60 68 90 89 21 48 85 62 17 98 84 89 94 61 36 18 76 33 71 12 57 1 73 12 21 23 9 5 1 57
41 34 428435210 172
428418164 428418516 428418817 428419875 428420118 428422308 428422334 428422526 428422768 428422843 428422899 428423769 428424204 428424982 428426487 428426568 428426798 428427171 428427446 428427605 428427922 428428458 428428585 428428655 428429073 428429302 428429762 428429782 428430991 428431423 428431445 428431607 428431827 428432300 428433381 428433584 428433708 428434207 428434333 428434426 428434707
100 99 10 27 93 27 10 94 45 30 79 77 16 61 42 93 62 65 44 15 3 5 33 48 4 56 17 40 9 28 1 15 19 20 27 10 97 82 32 71 24
35 12 202094980 135
11490932 26275412 202082413 202082625 202082866 202083203 202083694 202084487 202084592 202084824 202085311 202085596 202086939 202086994 202087265 202087563 202087690 202087773 202088164 202088463 202088528 202089216 202089651 202089880 202090081 202091955 202092295 202092543 202092799 202092820 202093177 202093416 202093431 202093529 202093786
35 72 97 94 100 96 86 94 97 89 77 33 95 27 64 1 70 73 88 84 13 50 86 8 98 21 1 85 78 14 96 66 1 18 14
7 5 822692564 906
822612229 822616737 822617160 822618952 822637684 822648526 822661944
91 34 86 91 42 24 98
16 7 677748981 33
677745960 677746153 677746212 677746256 677746324 677746588 677746777 677747039 677747109 677747158 677747354 677747846 677748207 677748348 677748751 677748939
92 46 93 95 87 73 60 86 89 67 11 69 6 17 61 1
11 1 671097959 870
671019166 671022188 671023814 671028215 671029059 671032945 671033662 671033712 671056739 671057444 671082363
91 88 86 80 80 74 74 74 48 47 18
