100
5 3 10 5
0 2 5 6 7
1 1 1 1 4
5 3 10 5
0 2 3 5 7
2 1 1 1 4
5 3 10 5
0 2 3 4 7
2 1 1 1 4
1 0 1000000000 1
1
50
3 2 575298004 599
575266101 575281522 575287874
72 19 57
1 1 1000000000 1000
999900000
100
4 1 940122173 778
940061291 940063181 940069087 940113345
79 76 69 11
6 2 455654799 114
455643620 455645829 455648037 455651002 455653339 455654054
100 92 41 47 50 67
3 3 441489467 683
441441787 441457253 441464926
91 97 76
4 1 125758638 685
5981482 95627650 125747081 125751876
78 7 27 9
3 1 989397560 23
989395351 989395640 989397510
97 83 3
5 1 850641162 884
617564 850562008 850585471 850604033 850610367
61 43 46 81 75
7 2 787351636 356
59851255 787332676 787332853 787337838 787343301 787346496 787348075
100 53 52 38 24 14 10
9 1 490277861 238
11786556 490258322 490258755 490261778 490262216 490266155 490267477 490271187 490271210
100 82 80 68 65 49 43 28 27
10 3 153790463 555
153739941 153740433 153741381 153744301 153749430 153763596 153763846 153767481 153776874 153787208
98 66 100 98 86 72 25 7 72 1
7 3 328469569 236
328448971 328454307 328455059 328465848 328467113 328467393 328468906
88 65 62 16 11 10 3
6 3 785726929 758
81136969 785672356 785689315 785693183 785695760 785704735
30 79 13 43 26 90
3 3 958696041 1000
958634704 958649928 958676659
80 81 61
8 2 810213599 996
810125304 810127649 810128762 810144689 810147649 810157794 810186968 810192282
89 87 85 69 66 57 27 21
4 2 427071184 27
427070351 427070402 427070680 427070979
38 30 97 7
10 3 554564512 795
22109368 554492704 554496183 554501630 554508394 554525442 554539168 554543750 554555522 554562086
48 92 18 65 69 13 18 13 11 2
8 3 442760368 788
442685004 442685461 442710772 442715181 442720550 442721508 442724596 442738486
98 45 32 48 21 21 1 76
6 3 790050097 77
101824619 790046313 790047389 790047849 790049788 790049809
36 35 2 60 40 88
6 1 1644797 598
1618185 1620121 1622127 1629571 1634814 1642854
44 41 37 25 16 3
3 3 527089225 447
527053981 527054469 527066135
93 42 38
8 1 732682683 120
95599944 142129231 315471106 732676265 732677601 732681086 732681591 732681708
47 5 13 84 18 89 83 6
5 2 17804154 591
7358623 17770781 17773024 17798054 17799555
26 26 10 12 44
4 3 314985614 865
314899541 314906699 314907454 314935830
100 98 96 11
3 1 639440016 397
224493840 639419246 639421898
28 75 94
5 1 399662441 587
399612697 399614180 399639607 399646745 399660944
96 65 8 26 16
6 3 962896258 201
100104670 962882932 962883870 962884653 962886044 962892357
84 37 44 100 32 14
3 1 290291264 998
100276591 290242658 290282834
45 41 6
10 2 441735863 392
441705764 441706507 441713542 441713823 441713912 441715763 441723559 441723780 441732301 441733597
87 89 90 86 59 72 82 35 29 25
2 2 650183452 836
650138268 650147920
82 47
7 1 875339871 811
24584961 875267627 875272192 875280606 875282736 875288674 875308474
100 90 83 74 70 63 38
9 1 893502982 2
65383486 107789300 893502813 893502846 893502905 893502926 893502959 893502970 893502973
88 54 34 13 14 20 11 2 28
3 1 524467253 913
82523884 524452384 524455169
100 16 14
9 3 669285463 508
3268724 669256483 669258111 669261116 669265320 669268356 669270253 669276691 669277032
40 91 4 45 25 76 27 11 71
7 1 429836521 954
429741990 429749395 429758236 429763884 429765500 429774478 429781462
100 97 17 41 37 37 16
2 2 857640559 681
857583495 857598390
100 74
7 2 207732897 888
19375016 81613693 207684405 207684639 207708573 207718766 207719491
85 70 7 87 72 71 99
6 2 429292982 605
42503577 52711896 429272947 429279010 429282388 429292040
100 100 34 23 17 1
7 2 995447675 115
995438176 995438775 995440833 995445226 995445501 995445676 995446245
91 88 11 17 17 35 85
2 2 94238004 337
94213439 94216327
87 97
10 3 516684456 855
516607454 516613571 516619400 516620702 516632322 516632989 516637494 516664585 516671621 516677817
93 74 100 49 26 56 63 4 5 7
5 2 607010208 101
607000421 607003918 607004475 607008830 607009261
97 63 57 14 10
10 1 423685625 917
5847932 152808533 423621373 423627190 423634181 423649073 423655545 423658080 423670390 423683136
100 100 71 63 56 39 32 31 16 2
6 2 255612296 147
255598830 255600825 255601622 255604788 255605307 255607181
100 77 26 36 42 33
8 1 877456949 430
110272683 183480527 212413137 267077316 555251337 595083492 680901394 872088092
40 31 1 72 96 9 89 61
8 3 503472043 799
503394165 503399526 503400188 503411906 503427353 503456628 503469196 503470477
99 77 94 17 70 14 89 65
8 2 720863853 723
5962830 720794938 720798642 720805575 720825829 720826626 720827738 720840382
44 99 40 94 74 94 94 45
5 2 781505997 164
781489686 781493596 781494945 781496311 781504226
100 92 63 11 9
4 3 198052526 338
198022423 198027458 198044538 198049140
93 92 69 67
7 3 986846583 61
116327312 986842931 986843470 986844386 986844510 986845400 986845539
90 42 53 29 80 3 14
7 2 49777024 767
3895576 49714562 49722530 49723308 49727052 49749449 49756211
100 81 71 70 65 36 27
7 2 885577427 685
11032980 885523388 885534422 885534900 885551766 885554066 885555426
43 99 79 13 16 34 53
9 3 174349746 366
174316867 174317004 174318706 174323127 174323487 174328753 174332771 174334086 174346804
90 90 85 73 72 58 47 42 8
6 1 364996333 297
20234678 364973984 364977542 364981023 364982225 364986585
66 64 84 29 5 47
5 2 545111696 190
545096712 545099156 545102698 545104201 545106159
1 95 44 17 26
5 2 679882376 320
202756569 679878130 679879417 679881660 679881876
54 23 9 1 1
9 1 218394844 256
218373195 218374061 218375923 218378369 218379431 218380058 218380258 218390123 218391053
85 81 73 65 60 57 56 18 14
3 2 264335576 71
264329157 264332868 264334046
91 39 22
3 3 354153813 1
354153743 354153766 354153789
70 60 44
7 2 875660845 167
54341549 213758235 366862956 434019661 875650819 875656104 875656613
100 100 100 100 60 29 26
2 2 529114727 320
529092920 529103089
69 37
8 1 151036917 534
150988370 150989101 150996518 150998270 151007223 151017289 151018223 151031278
90 89 75 72 55 36 35 10
6 3 321504663 446
82281618 321466803 321487482 321489071 321496702 321499179
10 93 8 80 39 66
10 1 169294168 400
6159965 19742863 49939574 81345428 123569450 169274722 169274824 169286244 169286856 169290610
100 100 100 100 100 48 49 19 18 9
3 2 648111202 123
240772207 477253878 648109595
35 97 47
3 3 851689989 614
851646263 851658323 851663551
83 72 28
9 3 385100474 665
27909363 32496127 385044393 385045907 385060427 385064876 385071543 385083631 385093807
63 47 88 24 24 7 14 22 34
2 2 508235315 746
508177059 508230034
84 5
7 3 31809348 86
31801335 31803888 31804524 31804667 31806312 31806849 31809250
99 10 32 100 4 47 60
9 3 755163216 492
755125183 755131574 755138010 755139856 755142888 755144667 755148859 755149078 755154995
78 65 51 47 42 38 30 29 16
7 2 332230318 926
332145050 332148716 332154714 332165843 332182946 332213131 332224665
99 95 81 44 86 57 84
7 3 111020439 286
110992588 110993230 110993317 111004069 111004646 111014013 111019041
98 98 99 25 82 78 11
2 2 1000000000 1000
1 999999999
100 1
8 3 503229959 266
37204775 132867659 134648384 290057804 503218586 503223666 503225607 503225770
100 100 100 100 43 23 16 16
3 1 115766364 333
4664507 69061232 83972715
12 61 29
8 2 222311619 577
222256890 222257197 222264315 222266049 222266775 222290923 222296988 222299108
94 94 81 78 77 36 25 21
4 1 952846555 249
62257124 952833716 952835330 952837661
22 47 28 10
4 1 393512936 610
120990870 393474694 393499699 393506992
58 72 7 87
1 1 1000000000 1000
999899999
100
10 1 654572437 340
38108926 654547606 654550581 654551925 654554283 654557997 654559644 654562117 654569441 654571380
91 91 60 13 24 51 18 9 92 2
8 3 927816445 321
927785494 927785882 927788782 927789141 927797545 927801668 927806515 927811082
98 73 92 100 80 56 50 18
3 3 112764709 45
112761888 112763265 112764143
63 32 12
8 2 482544934 332
1727008 482528061 482534009 482537381 482537470 482538750 482539812 482541194
17 30 18 72 3 10 15 8
9 2 455720428 441
455676920 455679353 455684117 455684509 455690650 455704256 455712883 455713918 455718588
100 27 83 40 87 13 17 13 1
3 1 45358220 759
2926023 27698391 45357122
92 9 1
7 2 967946284 311
967916296 967919693 967926479 967937370 967938145 967939006 967945657
99 93 48 51 81 8 2
8 1 122972027 953
4899365 11534304 14029930 122919088 122937717 122940295 122947183 122966190
83 21 43 23 30 20 6 2
10 3 758279816 774
758209150 758209415 758216490 758221679 758230234 758243657 758257424 758265788 758267083 758267192
92 90 81 75 64 46 28 18 16 16
7 3 725790251 408
725753356 725754049 725767469 725776641 725783148 725783470 725787777
50 38 70 73 16 16 2
10 1 598906079 509
598855845 598868454 598870786 598874923 598874960 598875575 598875920 598901730 598902873 598903888
98 73 69 61 61 59 59 9 7 4
3 2 333135259 526
333084716 333096302 333129945
97 75 11
2 2 412981549 546
412958316 412961453
34 77
6 2 712061214 397
106377443 155516514 712052603 712057530 712058701 712060265
100 100 21 10 7 2
5 2 970975359 39
970973222 970973814 970973888 970974255 970974682
40 3 78 20 1
7 3 460356696 733
460294191 460309189 460309828 460315444 460327823 460335038 460348724
93 40 13 40 31 29 4
3 1 498025465 569
48903163 114231173 134131635
100 100 100
