100
10
26 16 55 53
29 50 31 87
76 70 95 82
45 26 51 37
52 68 81 81
21 10 49 42
27 5 64 27
63 70 94 76
42 10 73 56
26 39 57 78
10
52 36 90 39
21 29 56 60
83 63 90 98
79 58 97 70
76 1 78 96
43 4 51 99
24 68 61 94
6 26 45 26
21 38 60 58
47 26 80 49
10
43 12 75 12
78 1 81 96
34 49 64 59
47 53 84 60
33 11 60 61
19 7 35 70
34 23 72 52
60 9 96 50
97 3 97 98
41 3 56 96
10
7 38 27 85
40 12 45 80
27 4 30 99
14 92 44 93
38 34 50 72
38 4 38 99
60 14 82 51
26 55 65 90
3 14 37 21
33 35 43 70
10
24 37 46 43
73 2 81 97
28 36 60 76
61 47 99 76
29 13 67 32
30 64 68 91
41 18 61 73
52 33 85 65
17 2 20 97
38 2 47 83
10
25 2 29 97
15 42 52 74
19 14 39 57
43 5 60 45
39 12 63 24
59 36 82 93
87 4 93 99
50 57 71 81
44 2 46 97
22 76 47 77
10
9 3 9 8
9 13 14 13
19 3 19 8
14 3 14 8
9 3 14 3
9 8 14 8
9 18 14 18
24 3 24 8
29 3 29 8
9 23 14 23
10
38 12 52 25
17 21 30 62
20 58 59 60
80 39 96 64
8 17 19 95
66 23 75 41
61 25 89 30
53 9 81 54
5 3 17 90
64 2 65 97
10
5 36 26 49
33 22 53 80
71 4 77 99
24 24 63 45
4 1 9 96
10 3 12 98
62 66 95 88
37 3 47 98
41 69 60 86
25 51 43 61
10
81 4 86 99
75 28 89 48
12 4 12 99
26 41 65 46
36 39 69 74
2 15 31 56
56 52 85 95
89 4 92 77
12 15 47 40
69 26 78 82
10
52 1 66 96
79 49 87 61
25 50 43 61
70 81 85 87
56 71 83 99
67 58 89 61
44 21 73 45
3 75 34 99
86 33 96 83
36 10 71 13
10
65 21 95 35
46 54 58 90
34 4 41 99
13 65 34 88
68 16 94 49
57 68 94 86
43 45 58 48
12 54 34 74
66 8 84 90
6 43 22 92
10
33 2 51 83
11 39 37 41
17 63 52 75
14 6 49 36
87 61 95 88
63 2 64 97
26 1 34 96
51 12 87 40
17 1 29 96
39 24 56 82
10
54 8 85 32
78 18 86 62
5 38 35 69
73 59 81 60
79 24 92 80
10 4 16 99
44 81 76 95
32 4 53 63
23 47 34 92
74 8 99 31
10
55 36 80 68
35 2 47 97
37 67 75 93
43 7 57 75
1 62 40 83
54 42 91 80
46 69 75 84
47 14 82 28
76 8 82 95
61 5 63 94
10
8 55 44 67
46 1 56 96
75 3 83 98
17 45 39 88
40 82 78 98
19 68 54 99
41 43 66 92
3 4 13 99
26 7 39 89
48 18 61 25
10
40 44 69 59
38 78 62 97
66 7 85 84
16 53 41 90
19 28 34 97
78 3 82 98
28 28 42 81
9 43 29 99
6 79 44 94
3 5 25 22
3
5 1 5 1
2 2 4 2
2 3 2 4
10
47 17 73 68
14 40 26 94
21 30 58 33
40 4 47 99
54 2 75 11
88 4 92 99
81 61 87 67
87 18 96 92
52 5 81 7
37 36 60 71
10
35 2 38 97
18 18 34 47
44 7 80 46
6 22 17 94
35 53 53 93
37 2 51 56
14 20 53 36
57 86 69 90
13 62 49 68
43 6 70 58
10
4 52 33 97
47 89 80 93
4 27 19 53
45 12 80 49
19 32 43 35
57 1 64 96
45 11 47 75
62 64 81 75
38 13 72 39
66 77 79 83
10
78 26 99 41
20 64 58 71
18 27 46 55
28 4 33 99
20 43 43 86
31 40 50 89
20 53 39 95
59 70 91 82
77 65 97 65
14 72 47 97
1
1 100 100 100
10
71 39 90 87
86 2 88 97
71 34 84 93
68 4 91 58
27 33 47 95
7 38 26 97
67 43 90 61
34 3 43 98
30 6 35 19
60 31 97 71
10
67 42 94 64
53 3 68 86
57 1 79 68
15 2 17 97
43 6 55 50
68 5 72 31
30 18 46 90
13 3 14 98
34 21 60 28
10 1 16 96
10
58 17 82 67
28 21 67 27
30 10 41 62
64 1 66 96
18 56 57 86
11 11 30 75
18 55 43 99
66 12 97 54
3 32 28 61
21 48 37 85
10
67 42 95 96
38 2 47 97
75 2 75 97
61 14 69 42
72 55 96 62
49 3 76 49
10 47 46 64
34 56 47 94
2 1 6 96
18 1 22 96
10
26 6 34 99
16 28 49 46
56 9 65 83
36 31 56 82
10 49 33 49
13 16 19 31
82 1 85 96
7 4 33 59
37 1 44 96
72 18 93 52
10
2 39 41 69
26 1 37 96
45 20 57 79
38 5 42 80
62 44 65 86
46 15 59 98
16 8 32 85
71 64 95 88
63 10 72 53
8 10 19 67
10
46 21 64 29
36 25 52 99
78 4 86 96
18 72 45 77
83 4 88 99
31 20 60 72
12 1 14 96
60 60 92 79
27 19 52 59
52 88 85 93
10
77 29 87 46
31 54 51 95
63 2 63 97
57 23 85 26
76 34 93 35
4 9 28 19
37 40 69 64
8 28 27 68
52 2 72 69
61 10 88 59
10
5 12 32 62
2 60 22 63
77 8 90 95
5 48 38 66
48 2 52 97
88 1 92 96
27 80 51 80
57 53 90 89
36 22 49 62
61 42 83 81
10
55 47 72 47
65 35 65 52
10 30 27 30
15 71 32 71
96 9 96 26
21 15 21 32
11 57 11 74
27 61 27 78
2 73 19 73
91 25 100 25
10
6 11 23 66
52 32 90 52
28 5 35 37
59 50 88 75
65 10 88 27
42 33 44 60
44 24 69 69
25 3 33 98
76 4 83 99
70 59 88 87
10
56 60 71 91
30 33 65 33
76 16 88 75
61 1 61 96
30 4 65 41
17 3 19 98
44 13 65 62
34 4 44 99
48 2 64 82
46 36 70 79
10
66 34 99 50
55 14 86 23
1 34 35 41
45 4 47 99
51 43 72 91
38 71 76 97
1 23 24 78
27 36 62 41
38 9 47 10
21 41 44 81
10
26 17 62 21
2 65 20 93
72 14 90 72
11 2 43 9
17 29 29 78
17 39 56 65
28 20 36 62
19 37 40 95
69 97 91 98
25 31 54 44
10
62 52 75 55
38 15 41 48
65 32 97 36
44 76 50 82
73 3 78 98
64 58 75 83
25 7 57 8
44 1 53 96
22 22 51 71
9 2 10 97
10
5 20 38 20
29 34 54 51
52 72 89 78
60 22 77 48
67 28 82 99
17 26 35 76
13 13 35 77
45 32 65 43
35 18 57 56
1 52 33 88
10
48 13 53 82
59 9 82 28
9 49 35 65
47 31 77 67
19 6 48 11
41 49 72 66
65 36 93 36
48 15 80 20
39 63 68 92
28 18 56 23
10
58 32 93 42
35 6 63 56
64 29 71 65
62 31 72 94
31 51 63 87
38 2 49 97
64 55 78 87
34 54 68 81
75 55 90 93
70 31 96 59
10
24 6 59 27
61 81 85 99
41 5 74 8
11 37 48 64
65 3 67 98
15 14 37 73
28 2 52 57
49 79 85 88
62 77 99 82
86 1 94 96
10
25 15 41 63
53 49 91 86
41 2 56 89
40 45 68 53
53 24 80 69
62 70 99 78
93 53 97 53
48 63 86 70
6 36 35 66
67 3 81 98
10
75 6 79 47
53 12 82 14
57 28 87 30
60 13 91 40
19 73 41 97
70 46 97 84
12 14 32 83
13 20 47 20
10 14 25 61
20 3 41 71
10
61 16 89 17
62 3 70 98
31 3 34 98
37 14 59 20
36 5 61 33
48 3 55 79
28 3 32 98
14 91 33 96
29 1 36 96
11 15 29 95
10
14 30 50 46
41 70 75 72
57 13 92 45
49 3 68 75
63 97 93 97
37 26 75 37
81 75 99 99
58 65 69 67
33 25 51 65
35 4 45 99
10
50 8 77 56
49 40 74 94
87 46 89 54
55 6 71 88
51 3 57 98
37 3 73 11
58 59 85 68
8 3 10 98
43 52 61 76
35 14 40 76
10
19 25 35 93
61 3 66 98
4 7 32 46
58 48 85 89
17 34 40 67
53 6 68 81
63 22 95 44
14 35 37 85
47 70 68 73
68 2 72 97
10
11 14 34 33
22 34 35 89
9 62 30 87
54 3 61 98
11 67 40 84
39 79 57 82
39 2 55 90
15 26 45 36
33 1 39 96
24 35 60 76
10
23 2 35 97
85 1 92 96
71 36 96 43
30 17 61 30
11 61 33 75
16 2 18 97
40 45 74 62
81 4 94 99
66 4 72 99
62 45 87 95
10
58 55 76 70
19 58 44 61
50 60 72 91
22 4 22 99
35 5 61 53
38 6 72 16
28 56 63 65
26 3 44 74
30 95 35 96
82 2 90 97
10
79 22 92 22
11 4 22 82
50 29 82 65
30 41 50 76
50 21 83 34
84 37 92 47
52 1 53 96
45 29 81 49
42 65 71 93
22 44 45 93
10
94 4 94 99
57 1 61 96
17 28 49 36
69 17 88 17
79 2 94 97
64 32 77 89
19 3 21 98
1 27 23 73
79 2 81 97
35 52 73 74
10
39 2 39 97
10 46 44 73
6 75 38 81
15 2 16 97
53 10 75 51
66 11 92 44
18 1 30 66
31 59 40 73
2 63 36 89
56 23 91 54
10
40 38 78 58
66 5 84 66
22 36 50 68
53 16 82 35
17 18 48 57
37 10 45 97
16 2 16 97
13 15 36 77
17 54 50 59
2 21 14 91
10
8 30 23 98
59 43 79 54
80 1 88 96
79 4 81 99
57 46 60 71
22 21 40 73
56 50 90 93
45 29 70 65
19 6 44 53
63 4 69 99
10
12 32 48 50
70 4 76 99
14 16 33 58
29 42 46 71
22 10 38 91
3 34 34 52
62 18 81 94
1 27 17 83
66 25 98 34
14 8 27 85
10
12 13 28 86
27 42 63 84
15 2 15 97
37 25 70 52
14 2 15 52
10 32 15 64
23 13 58 51
35 24 69 29
6 5 21 65
3 1 8 96
10
25 10 50 57
40 3 48 98
51 2 61 97
46 38 83 50
95 3 99 98
43 1 48 96
89 45 97 72
49 34 66 69
25 29 52 85
39 10 76 33
10
8 8 41 30
7 2 22 94
6 19 34 44
45 5 62 54
38 48 58 78
61 67 96 86
16 36 37 82
27 74 44 81
57 2 58 97
48 18 65 94
10
11 1 14 14
6 80 41 92
41 2 48 97
60 4 67 99
10 1 16 96
53 34 90 52
47 71 64 94
23 58 46 98
63 4 64 99
2 23 25 88
10
44 5 82 37
46 56 82 78
62 10 78 17
12 27 36 71
1 10 17 91
42 10 58 45
9 25 36 74
50 65 57 80
13 60 42 83
9 4 13 99
10
32 2 34 97
9 8 42 26
36 3 36 98
3 54 34 81
78 8 95 70
60 16 94 36
19 13 37 64
11 55 30 83
26 38 57 72
3 37 32 40
10
39 52 63 88
50 66 66 93
36 37 70 53
58 4 89 38
53 1 60 96
19 37 24 98
56 3 61 98
20 7 58 21
55 40 77 68
80 14 95 86
10
47 73 82 79
63 42 98 52
51 18 70 27
50 40 69 96
71 16 85 93
45 2 71 2
79 4 85 99
13 15 25 76
36 30 71 54
3 22 19 38
10
46 42 81 83
69 4 70 99
77 1 82 96
42 1 57 89
17 2 26 97
55 19 78 65
15 12 33 72
15 73 43 84
1 9 36 41
13 59 48 86
10
20 14 39 80
56 3 65 98
41 1 73 13
43 51 69 51
96 3 96 98
82 2 84 97
61 12 65 85
15 29 46 75
69 2 72 97
85 3 91 98
10
33 18 47 41
47 7 61 49
27 3 31 98
60 13 89 53
49 22 76 46
16 37 44 82
23 18 28 77
28 42 43 63
71 15 90 92
45 11 57 75
10
34 28 73 63
16 7 37 42
25 2 27 97
69 20 82 76
34 3 47 98
9 20 43 29
54 2 60 97
81 20 94 72
45 57 66 91
54 48 92 68
10
27 7 35 98
85 5 88 95
71 21 87 32
5 19 34 67
63 90 95 96
24 4 27 99
10 9 25 82
52 12 67 84
86 10 92 16
54 69 88 83
10
27 64 64 94
71 7 87 92
51 22 90 32
21 6 36 67
4 30 25 38
76 14 92 87
4 52 41 73
36 17 42 98
50 74 80 83
15 60 48 92
10
77 36 93 69
18 27 44 80
21 3 37 45
50 6 75 45
54 13 92 35
38 78 48 89
70 2 98 47
39 66 73 99
9 48 44 89
75 31 85 98
10
10 17 23 50
37 15 47 46
52 28 66 65
11 36 44 57
31 85 57 92
64 29 94 67
4 48 20 97
7 37 29 64
63 13 87 65
39 3 40 98
10
29 24 39 72
61 51 96 88
71 2 71 97
59 31 76 97
10 4 11 99
29 57 63 71
66 27 94 78
29 51 56 55
10 44 43 47
56 24 76 89
10
22 39 46 97
43 45 73 80
77 7 97 60
75 1 88 96
36 10 51 96
55 18 74 76
51 4 74 21
46 40 71 78
4 3 4 98
65 8 75 98
10
1 42 35 45
21 3 21 98
50 13 68 74
59 91 91 99
30 1 39 96
52 1 52 96
8 3 12 98
25 30 49 92
21 11 49 18
37 1 47 96
10
48 55 77 72
13 32 27 81
77 18 99 42
7 10 27 82
73 30 98 56
46 57 59 76
17 29 47 38
22 51 52 81
7 47 40 60
9 18 22 66
10
16 94 38 95
64 57 90 82
66 18 89 64
42 1 67 36
53 10 58 99
72 28 97 81
47 39 81 83
50 4 65 97
44 15 52 87
3 19 39 40
10
12 13 46 48
12 2 22 97
55 57 86 78
48 76 85 86
63 18 86 45
46 51 64 62
52 8 89 43
56 73 67 87
52 24 65 55
48 34 76 82
10
48 25 52 94
14 10 34 71
72 32 97 76
89 1 95 96
82 37 95 97
43 20 76 58
54 30 74 72
10 5 44 16
37 5 70 22
14 17 35 55
10
60 30 84 87
69 2 69 97
10 17 42 49
12 66 47 95
5 12 29 65
44 2 46 97
31 29 51 71
66 15 98 54
41 3 43 98
26 1 44 54
8
7 11 10 14
10 14 13 17
1 17 4 20
4 14 7 17
10 8 13 11
1 11 4 14
7 17 10 20
4 8 7 11
10
42 53 71 88
31 42 57 96
23 77 59 95
41 1 51 96
84 4 87 99
59 3 65 98
64 3 64 98
58 2 69 97
39 72 56 94
24 3 25 98
10
10 55 44 86
5 46 29 61
59 1 60 96
36 3 49 98
13 20 48 37
23 3 35 98
45 6 72 36
73 3 74 98
68 28 92 61
90 1 91 96
10
13 26 26 64
12 5 37 10
34 9 68 9
48 2 54 97
25 50 32 72
52 31 82 79
20 2 20 97
48 56 81 60
28 2 38 97
38 12 50 98
10
5 10 21 97
65 32 90 73
27 20 53 73
62 24 93 37
31 32 53 50
45 1 54 96
62 48 80 96
69 52 91 77
92 4 98 99
8 4 20 99
10
80 1 86 96
19 40 39 88
19 2 26 97
29 20 44 56
44 69 79 96
63 52 93 83
63 33 78 59
18 60 53 99
5 43 29 95
49 42 84 67
10
76 10 76 10
26 81 26 81
67 65 67 65
13 71 13 71
91 21 91 21
70 3 70 3
64 80 64 80
4 85 4 85
80 82 80 82
14 47 14 47
10
62 9 86 56
81 13 92 89
19 18 49 37
11 30 39 59
6 14 36 20
43 47 69 62
24 57 59 94
89 2 96 97
91 3 98 98
36 40 60 84
10
44 3 45 98
10 30 27 39
36 13 63 69
1 40 33 87
34 14 66 26
46 1 81 6
92 2 95 97
37 68 57 99
65 12 89 34
75 53 95 62
10
63 15 84 46
66 49 73 92
14 1 20 96
75 24 96 72
52 3 66 81
23 62 46 96
63 75 84 93
21 21 37 97
36 7 50 63
4 43 32 49
10
36 52 56 72
93 4 99 99
24 57 58 90
14 1 15 96
35 31 62 71
45 16 66 85
83 2 92 97
50 19 86 38
70 47 86 79
86 3 94 98
10
25 8 31 76
37 3 51 98
51 42 90 48
67 39 88 94
54 17 71 93
45 65 79 79
7 2 11 97
2 68 10 96
65 3 65 98
89 1 91 96
10
63 29 96 73
31 27 60 70
40 45 77 78
78 2 88 97
1 68 38 80
47 44 68 62
61 76 90 97
42 15 73 60
61 62 95 96
4 36 35 64
10
52 33 88 44
21 41 54 53
46 59 79 67
48 8 64 99
10 60 36 93
19 28 30 58
65 1 68 96
58 3 62 98
1 15 35 54
77 5 80 88
10
75 25 94 53
13 12 50 45
18 26 37 87
20 28 49 79
45 47 78 60
24 1 28 96
60 22 71 70
75 59 96 87
33 4 40 99
43 7 54 79
10
33 7 51 87
54 7 70 95
8 47 35 95
75 22 92 61
48 21 59 81
28 3 39 98
85 36 98 97
1 4 8 99
4 39 32 54
72 18 89 69
10
45 10 61 54
46 31 76 60
55 1 59 96
18 30 48 80
33 1 34 96
7 1 7 96
53 13 63 92
36 32 52 78
2 26 33 67
28 12 43 83
10
43 17 65 24
77 20 90 75
43 2 50 97
17 9 40 47
40 1 65 44
17 42 51 62
6 4 9 99
50 75 58 84
43 9 51 99
85 5 98 91
10
13 18 35 22
24 24 36 74
28 92 32 99
65 1 70 96
41 9 68 39
62 3 69 78
65 32 78 46
4 18 37 58
36 64 53 64
41 20 57 80
