100
17 6
2223 2220 2224 2229 2227 2230
2216 2215 2216 2231 2226 2224
2215 2210 2215 2223 2222 2220
2210 2207 2210 2207 2219 2216
2205 2205 2205 2202 2216 2212
2201 2200 2203 2201 2199 2207
2196 2195 2194 2192 2198 2206
2193 2192 2190 2189 2197 2202
2192 2183 2179 2174 2192 2197
2187 2182 2181 2190 2194 2199
2189 2186 2184 2199 2197 2200
2191 2187 2372 2384 2199 2202
2378 2374 2371 2383 2387 2390
2374 2370 2368 2382 2383 2385
2372 2369 2365 2379 2380 2383
2369 2366 2361 2360 2378 2381
2373 2369 2362 2370 2374 2377
1 4
1246 267 3522 3539
8 15
713 691 694 518 4144 4143 4140 4136 1516 2371 2365 583 3183 3182 3179
708 688 697 517 516 521 1105 4155 2368 2359 2364 578 3184 3183 3166
2043 701 307 312 511 503 1090 1106 2381 2376 2381 577 1475 1472 3186
2039 310 291 292 260 507 1096 1098 2226 2378 560 572 1464 1459 1465
2038 1300 848 865 256 864 849 2233 2219 2732 554 571 573 1471 1468
2037 2055 851 3035 269 866 865 870 2733 2719 2733 575 576 578 580
4668 3023 3030 3034 3039 2529 2550 2551 2552 2739 2736 378 375 376 585
3866 3860 3871 3038 2530 2527 2545 2550 2555 2556 2739 366 364 383 590
2 3
7 6 7
7 6 7
1 1
9
2 73
670 663 660 658 654 641 4947 4954 2589 2592 2591 2592 2595 2597 2598 2602 2605 2606 2602 2600 2599 2596 2588 2586 2581 2584 2568 2567 2566 2561 2558 2540 872 885 890 894 1652 1649 1647 1649 1650 1653 881 877 876 873 864 860 846 859 399 389 882 897 902 903 904 909 914 2955 2951 2948 2934 2524 2505 2524 2527 2531 2536 2540 2541 2546 2549
665 661 657 656 653 649 4967 2571 2584 2588 2590 2595 2600 2600 2604 2606 2609 2605 2601 2600 2596 2592 2590 2585 2580 2579 2574 2571 2567 2562 2562 2554 886 890 895 1665 1663 1658 1640 1658 1659 1664 876 874 873 869 865 862 863 2567 2563 396 892 895 900 905 905 911 912 916 2955 2957 2952 2525 2524 2525 2531 2533 2537 2538 2543 2548 2550
23 1
4183
4200
2877
1737
1418
67
76
81
85
88
4008
4007
3995
3979
3990
3109
3375
3371
3391
4721
4732
4733
4738
3 7
3560 3567 2712 1170 280 281 1890
3569 3338 1980 1190 287 1887 1872
873 3343 1982 3038 3029 4351 2510
1 16
4382 4381 4376 4939 1525 4094 4101 691 683 622 3810 4803 3817 2665 1947 1950
2 41
3252 3250 3247 3244 3240 3240 3219 3234 3235 3258 2770 3210 3230 3235 3240 3241 2820 2818 3579 3577 3593 3596 3081 3076 3070 3088 3984 3964 4218 4204 4219 4224 4225 102 99 1726 1724 1705 3886 3842 3852
3252 3249 3245 3243 3238 3236 3216 3232 3251 3241 3245 2675 2695 3236 3241 2823 2821 2813 3588 3571 3588 3591 2815 2811 2795 2165 2175 3966 4221 4224 4222 4225 111 107 98 113 1728 3893 3876 3879 3883
7 12
2734 2730 3375 115 119 1707 1687 1955 1972 2815 2817 2819
2739 2734 547 101 117 1708 1690 1966 2804 2796 2813 2943
566 565 562 119 118 393 379 383 2921 2936 2937 2941
569 568 565 122 4375 395 387 2924 2920 2918 2935 2939
574 573 568 4373 4370 4353 390 4938 2924 2938 2940 2944
4379 4377 4372 4370 4366 4346 4348 4934 4936 4938 4942 2946
4383 4379 4373 4371 4367 4359 1941 4921 4923 4943 4948 4953
5 5
25 21 0 5 9
21 15 16 17 14
0 16 30 15 0
19 7 15 17 5
9 21 0 18 21
2 9
2597 3500 1536 3863 823 826 733 739 2276
2390 2377 2390 3882 1194 1204 1624 3686 2279
20 12
3994 3991 3410 3405 3406 3409 3410 4089 4096 4093 1180 1185
3993 3990 3405 3399 3400 3405 3408 4088 4091 4088 1176 1181
3980 3974 3986 3409 3401 3406 3409 4087 4086 4084 1175 1176
3981 3980 3991 3413 3406 3407 3413 4089 4085 4083 1172 1175
4001 3996 3994 3413 3410 3415 4100 4095 4094 4077 1167 1185
4000 3998 3996 3416 3414 3417 4103 4100 4096 4095 1185 1189
4004 4003 3423 3419 3418 3419 3421 4103 4104 4098 1189 1193
4959 4008 4957 4956 4962 4965 4967 4104 4107 4099 836 1196
4954 4956 4959 4954 4959 4960 4962 831 833 834 833 838
4950 4954 4950 4949 4951 4955 832 829 828 833 830 835
4945 4945 4948 4946 4947 4952 830 827 826 829 827 831
4941 4940 4936 4935 4953 1109 839 836 820 821 826 828
4946 4942 4939 4940 1101 1104 825 823 821 826 830 1952
4949 4943 4943 1089 1081 1092 827 2977 826 2970 2973 1934
4952 4955 4958 1091 1098 1102 2975 2973 2968 2967 2953 2968
4953 4956 4963 4964 1100 1105 2981 2978 2969 2969 2967 2968
4955 4969 4966 4971 2999 2995 2984 2983 2987 2974 2970 2974
4958 4971 4968 4972 2993 2991 2986 2985 2989 2978 2975 2978
4963 3010 3006 3001 2999 2996 2990 2987 2990 2979 2977 2980
3013 3012 3007 3006 3001 2998 2993 2992 2994 2991 2986 2985
2 26
1607 1567 1579 1583 1587 2792 2789 2798 2799 3881 3878 2279 2286 1022 1019 1015 4764 131 149 954 865 863 862 2647 2649 2651
1597 4958 4965 4969 4971 2800 2795 2540 2555 262 3890 2281 2282 2285 1027 1024 4774 945 947 952 957 848 842 2629 2649 2654
2 9
1130 1125 1124 1108 1110 3018 1167 1171 4342
1131 1127 593 588 199 3034 1174 1178 4343
32 11
2463 2452 2453 2456 4123 4121 4120 4123 4124 4992 4996
2464 2464 3939 3951 3956 4126 4126 4980 4983 4988 4992
2465 3937 3935 3934 3951 4983 4971 4978 4980 4990 4995
3944 3940 3939 3938 3954 4988 4987 2520 2523 4994 5000
3949 3941 3940 3942 3958 2525 2521 2504 2521 2525 5005
3950 496 491 490 485 482 484 2522 480 484 489
2030 500 494 487 485 481 471 476 478 480 482
2028 2030 488 484 481 480 478 480 482 486 486
2027 2026 2018 486 483 482 481 486 487 488 488
2023 2021 2016 2016 4399 487 484 487 490 495 1890
2018 2016 2011 2014 4395 4386 4390 489 495 500 1889
2014 2011 2006 2009 4391 4384 4388 4389 1884 1881 1887
2015 2012 2001 2006 4390 4374 4394 1883 1881 1879 1883
2021 2016 2011 2011 4395 4382 4384 1883 1878 1875 1878
2022 2021 2016 2013 3017 3020 3027 3031 1881 1868 1869
3029 3024 3020 3017 3006 3021 3024 3028 1885 1874 400
3032 3025 3027 3025 3022 3027 3031 3034 403 401 399
3037 3037 3033 3031 3027 3032 3033 1373 4036 398 398
3043 3040 3039 3036 3030 3034 1373 1371 4035 397 395
3048 3044 3041 3038 3040 1378 1376 1358 4028 4037 390
4289 4284 3046 3043 3598 3592 1377 1366 4033 369 385
4286 4283 3601 3596 3594 3590 854 853 848 368 367
4283 4279 4284 3598 3587 3585 853 849 846 847 373
4281 4276 4277 3579 3587 3583 3581 842 827 838 375
4278 4273 4276 3574 3570 3564 3580 3584 843 844 849
4255 4254 4260 3224 3579 3574 3575 3170 845 1589 1594
2227 4256 3212 3222 3225 3579 3584 3167 1582 1571 1589
2245 4258 3230 3226 3227 3583 1234 3164 3153 1581 1584
408 403 399 401 1239 1235 1232 1230 3172 1586 1590
404 399 395 396 398 1234 1224 1229 1233 1236 2795
401 396 394 397 1233 1230 1225 2770 2787 2788 2792
392 389 388 394 2780 2779 2775 2767 2785 2790 2791
4 3
4351 2440 2445
4453 2427 2447
4457 2433 29
36 35 18
3 2
1755 495
1746 2247
2910 2927
1 10
0 1 2 3 4 5 6 7 8 7
59 2
4872 4873
4869 4872
4866 4870
4862 4865
4857 4858
4840 4843
4842 4882
4887 4878
4882 4877
4881 4876
4871 4858
4880 4875
4885 4880
3087 4885
3083 3084
3081 3085
3077 3078
3076 3077
3069 3080
3086 3082
3088 3085
2207 2213
2199 2208
1413 1426
1432 1435
1433 1437
1437 1441
1440 1441
3778 3780
3777 3780
3774 3777
3769 3768
2192 2188
4023 4015
4024 4024
4029 964
961 962
956 954
951 950
956 957
958 3967
4203 3966
4202 3964
4198 3963
4187 3953
4199 3966
4047 4046
4046 4045
4043 4034
3655 4048
3646 3655
3658 3660
2703 2714
1943 2472
2466 2463
111 2469
109 113
116 114
118 122
1 14
2408 1469 1453 1470 2065 2054 4954 4274 1657 2380 3371 3582 2951 2947
14 1
3311
3318
3322
3325
3328
4251
4246
4242
4240
4237
4235
4230
4227
4230
53 1
5001
5000
4995
4994
4989
4985
4983
4979
4974
4969
4961
1348
1356
1361
1362
2015
1995
2008
2009
2010
2013
3729
3724
3722
3720
3415
3397
1933
1952
1953
2985
2977
2987
1968
1965
1971
3728
4125
4134
4137
4140
4144
4147
4152
1284
1283
1278
1273
1271
1270
1250
1255
1257
6 19
4677 4675 4659 4665 2317 4017 4009 1830 1849 1854 2295 2293 2275 2285 2289 217 212 1433 1416
2813 4674 4670 1117 2312 4014 3996 3084 3097 1942 508 495 2285 881 888 223 211 225 1433
2811 2815 1116 1099 1112 2017 2003 2013 1939 1923 3645 1491 1482 893 898 2203 231 235 71
2806 2813 3087 1102 1117 1119 2013 2017 2021 3641 3629 3640 506 526 2201 2194 2207 77 68
2826 2817 3100 1107 1120 1121 2016 2021 3845 3852 3638 3645 515 519 2202 2197 2201 76 72
2828 2819 3101 1110 1123 1125 3849 3845 3843 3834 3841 3846 518 522 2207 2200 2205 76 73
2 1
3404
758
3 1
4893
1920
3052
5 5
25 21 0 5 9
21 15 16 17 14
0 15 30 15 0
19 7 15 17 5
9 21 0 18 21
30 2
4951 4957
4948 4953
4944 4948
4939 4943
4937 4941
4929 4939
4943 4948
4945 4949
2089 2096
2087 2095
2083 2079
2085 2088
4604 4599
4617 4612
4618 4617
4627 4622
4628 4625
4632 4628
391 4631
386 388
383 387
379 382
397 384
399 389
397 394
404 399
404 400
406 403
410 408
412 411
5 36
3687 3680 3700 3698 821 823 817 630 625 622 626 631 635 633 2726 2723 2720 2719 2703 2704 1753 1758 1254 1253 1250 1850 1845 1826 1838 3401 3403 3404 3405 4912 4904 3562
3684 3679 3682 3697 820 820 816 628 618 620 625 627 630 631 635 2727 2722 2722 2717 1753 1751 1767 1155 1250 1248 1375 1361 1845 3408 3398 3399 3401 3402 4924 4921 3566
3678 3677 3698 3696 817 816 814 812 797 800 628 631 635 634 637 641 1760 1759 1755 1754 1753 1155 1150 1144 1244 1241 1234 1246 3406 3401 3404 3402 3406 3407 4926 3571
3692 3676 3690 3693 3696 820 816 816 802 805 632 636 639 638 640 646 1769 1765 1760 1755 1756 1148 1146 1143 1153 1242 1249 1253 3408 3404 3405 3405 3408 3409 4928 4929
3688 3673 3687 3689 3693 3694 820 819 803 806 635 641 640 643 655 651 1768 1767 1764 1769 1759 1151 1152 1148 1153 1245 1250 3411 3407 3406 3411 3414 3417 3412 3416 4932
7 9
673 670 685 4155 3280 3271 3557 3574 3578
2707 677 4141 4153 4514 3285 2012 2027 3591
3152 3154 4142 4518 4511 4520 2015 3595 3587
3148 3165 3876 3862 2336 4135 4148 3598 30
3162 1539 3878 2324 2318 3059 3078 29 14
1534 1522 1537 2488 2478 2495 3680 3689 15
1546 1542 2493 2491 2484 2488 3691 3694 18
21 11
824 827 834 832 831 835 840 841 843 3058 3063
821 823 834 831 827 829 842 843 3061 3057 3059
818 821 837 829 825 830 834 839 3057 3053 3052
816 817 828 825 824 829 830 834 3056 3052 3051
813 810 813 817 823 825 826 831 3040 3050 3049
810 808 801 814 819 824 825 830 3036 3048 3046
806 804 799 813 817 817 820 824 3033 3046 3042
804 800 792 810 811 813 815 819 3032 3033 3041
808 802 811 813 815 818 816 3035 3030 3031 3036
2710 807 812 817 816 819 3034 3033 3029 3031 3038
2706 2709 2714 2722 2726 3042 3040 3028 3027 3031 3032
2703 2706 2709 2717 2719 3039 3038 3034 3015 3035 3045
2700 2705 2710 2715 2717 3042 3039 3034 3033 3036 3041
2688 2698 2714 2720 2722 2727 3043 3035 3038 3041 3046
482 492 511 514 2724 2729 3046 3044 3040 3046 3047
501 502 506 510 513 519 520 3046 3044 3049 3050
506 505 507 511 513 517 519 3052 3047 3054 3059
508 508 513 513 518 519 521 524 3050 3056 3063
510 515 517 522 522 522 522 526 3053 3059 3064
515 520 524 524 523 526 530 527 530 535 3065
519 522 524 527 526 531 533 531 533 536 3068
10 1
1835
2318
2299
3856
1517
1427
737
721
2135
2150
1 13
416 1921 3305 3534 893 4364 4439 4451 1131 1112 4998 2662 3493
9 10
602 620 624 616 617 621 626 627 1039 1037
605 610 611 612 613 618 622 623 1037 1033
607 610 612 616 618 622 1050 1048 1043 1031
611 612 627 619 620 1050 1049 1043 1039 1029
613 617 622 627 632 1047 1045 1043 1041 1040
617 620 623 626 631 3962 3959 3954 3952 3940
618 619 628 631 644 3963 3962 3955 3954 3953
623 627 633 636 640 644 3966 3960 3958 3956
628 630 631 635 637 639 643 3962 3961 3959
19 3
2480 2487 2486
2479 2482 2482
2474 2477 2478
2470 2472 2476
2469 2474 2481
2462 2468 2469
2479 252 251
249 242 250
247 244 254
1098 1097 259
1096 1094 1098
1082 1081 1085
1094 1093 1098
1097 1097 1100
2452 2450 2447
2450 2447 2446
2447 2446 2444
2458 2456 2437
2459 2454 2453
3 46
762 759 758 749 755 79 76 81 2893 2878 2880 4307 4313 1092 1091 1086 1105 4097 4108 4113 1287 4469 4456 4467 1208 1195 1212 1967 1966 1967 482 483 52 51 49 51 2980 1233 1229 1230 2304 2302 2100 2099 2096 2098
764 760 755 751 753 82 73 82 83 2896 4309 4306 4294 4309 2820 2809 2827 4115 4109 1299 1285 1303 4470 4475 1216 1215 1969 1951 1964 1127 477 466 480 4180 42 47 2973 1216 1224 1228 2303 2301 2302 2096 2093 2080
761 759 757 754 755 84 89 83 87 4317 4313 4307 4299 4314 2833 2829 4718 4725 4729 1305 1304 1307 4471 1225 1221 1217 1117 1103 1121 1125 1130 472 4170 4160 4177 52 2986 1220 1227 1229 2302 2298 2310 2093 2090 2072
5 13
4165 4158 4142 4010 4020 4667 4659 4677 4678 2524 2523 2528 4984
4161 4156 4139 4153 4408 4407 4661 2153 4681 2527 2521 2524 4983
1785 1766 4147 1711 816 4409 2144 2134 136 135 2541 5006 5001
1063 1050 1714 1710 800 817 142 139 127 133 1509 1510 1506
4894 1056 1723 1722 807 812 905 900 891 1503 1497 1499 1504
3 3
9 6 3
5 9 6
3 5 9
1 3
1878 2875 506
2 4
3189 3184 3169 894
3192 3185 3181 896
1 8
7 4117 153 1508 3390 4289 508 235
1 9
959 3368 1264 1248 4422 2850 2911 20 2088
64 5
781 779 761 768 771
4865 782 772 777 778
4853 4861 773 780 781
4869 4866 4868 2417 3507
4874 4867 2413 2415 3502
2432 2427 2411 3513 3496
2428 2423 2404 2421 3512
2430 2428 2405 2407 2408
2437 2433 2410 2411 2412
2439 2434 2411 2413 2416
2441 2438 2414 296 2421
298 296 296 292 296
296 293 292 290 306
1243 1241 302 287 303
1242 1239 1232 297 302
1246 1243 1251 300 307
1248 1244 1253 1257 4038
1251 1257 1254 4041 4034
1777 1780 4039 4037 4033
1773 4014 4012 4033 4029
1768 4013 4011 4029 4024
1765 4011 4006 4001 4019
1761 1762 4015 3998 4014
1758 1759 1750 4008 4015
1756 1755 1748 1751 1751
1755 1736 1746 1747 1750
1758 1744 1747 1748 1755
1752 1749 1748 1751 1755
2995 2992 1753 3080 1757
2992 2991 2995 3077 3078
2993 2974 2983 3074 3079
2979 2977 3068 3062 3069
2984 2980 3071 3067 3071
2986 2981 2982 3068 1419
2990 1423 1413 1412 1416
1427 1422 1420 1411 1413
1424 1419 1418 1410 1429
1428 1424 1422 1415 1417
1432 1427 1423 1420 1423
2336 2345 2340 2340 2348
2335 2333 2326 2338 2343
2353 2349 2344 2347 2348
2192 2189 2349 3786 3790
2190 2187 3784 3781 3783
2193 3795 3776 3780 3782
2036 3790 3787 3788 1293
2032 1293 1273 1286 1288
2023 2030 1277 1287 1291
2024 2026 1282 1290 1293
2025 2029 2033 1292 1298
2028 2034 2036 1756 1757
2041 2038 1756 1753 1746
2042 4448 1752 1748 1744
4449 4446 2547 1736 1726
4444 4430 2545 4617 1728
1759 1746 3570 4606 4626
1757 1753 3577 4619 4631
1759 1755 1757 1761 4635
1762 1757 1760 1612 1611
1613 1610 1606 1608 1609
1606 1603 1601 1603 1613
1605 1600 1598 1600 1605
3151 3150 1580 1599 1601
3148 3141 3147 1602 1604
28 5
2087 2085 2081 2099 2104
1406 2082 2080 2096 2100
1403 2083 2078 2094 2098
1402 2079 2074 2089 2094
1401 2075 2073 2072 2081
1397 2075 2074 2081 2082
1395 1394 1401 1402 1408
1394 1392 1383 1402 1407
1397 1396 1385 1407 1410
1404 1401 1386 1388 1411
1406 1404 1390 1393 1412
1410 1409 1414 1416 1419
1418 1414 1415 1417 1421
1422 1417 1422 1422 1424
1425 1421 1425 1427 1429
1428 1426 1434 1431 1434
1431 1427 1437 1432 1438
1435 1431 1435 1433 1434
1436 1435 1436 1435 1436
1441 1439 1443 1439 1441
1445 1444 1447 1444 1447
1448 1445 1447 1446 1447
1452 1446 1451 1454 1457
1454 1450 1454 1457 1458
1453 1451 1456 1469 1471
1457 1456 1460 1464 1469
1460 1459 1463 1469 1474
1464 1463 1465 1474 1476
2 16
4300 3905 3898 3390 3760 4978 4974 3731 3737 1962 1963 1565 3912 2066 2047 2272
979 992 3383 3372 3383 2161 2143 3742 1858 1844 1573 1564 1574 130 129 536
47 2
4082 2256
4078 4084
4098 4089
1220 1225
1201 1213
1210 1212
1211 1216
1192 1193
1188 1189
1184 3430
4515 3419
1295 1305
1297 1308
4369 4371
4352 4367
4353 4355
4358 52
56 42
63 62
67 64
3908 66
3906 3910
2682 2670
2663 2669
4714 2254
4734 4203
4206 4192
4209 4199
1998 1983
1995 1975
1986 1983
1991 1985
428 427
412 408
261 417
255 263
2027 2028
2033 1517
1521 1516
1505 1500
1505 1503
1510 1507
4238 4233
4235 4220
4234 4231
4239 4235
4240 4239
1 25
3414 3410 3405 3391 3394 3399 3184 3178 3720 1329 1319 4564 4546 2547 4369 4378 4379 3266 3259 2843 1670 1687 3 17 4477
5 5
1 2 3 4 5
2 9 3 9 6
3 3 0 8 7
4 9 8 9 8
5 6 7 8 9
3 29
1925 1918 3297 3281 4640 4628 4647 4352 2606 2595 2599 2602 3165 3160 3158 3157 3162 2762 2131 2137 463 462 465 303 301 304 303 3004 3009
1921 1917 1919 3288 4162 4158 4367 4348 4073 804 819 2603 1852 1849 3150 3137 2759 2752 2771 4018 477 459 462 310 292 297 300 3003 3006
1904 1912 1914 4182 4180 4178 4183 4362 4086 811 812 2606 1851 1846 1848 3143 2064 2754 3022 4009 1366 1359 1362 4595 302 395 2991 2987 2999
16 1
2663
1386
1376
1389
818
812
1929
1941
2933
2931
2912
2348
3161
2236
2252
2254
1 42
4897 2914 4226 2955 3512 3532 3533 3535 4041 4038 4034 4032 4030 4027 4038 864 857 864 867 579 578 572 462 448 450 1480 4580 4562 2351 4925 4921 4933 3826 3822 3819 3818 3814 3812 3800 3819 3824 3827
5 21
3288 3291 2451 2448 2445 2441 2279 2281 3340 3326 3328 3331 3334 1016 1015 1024 138 141 143 147 148
3270 3275 3279 2446 2443 2430 1566 1567 3462 3336 3453 3454 3338 1024 1022 142 125 133 148 153 154
3274 3279 1700 419 3821 1569 1560 1564 3457 3453 3442 3447 1749 1754 1027 146 134 152 150 152 157
3275 1703 1698 407 3809 3824 1579 4979 1622 3454 3450 1747 1744 1749 1750 2640 2636 2634 1887 1885 1886
3277 1689 1683 986 994 4978 4977 4973 1616 1631 4879 1733 1741 1746 1749 2635 2624 2629 1873 1882 1887
3 44
607 600 596 600 602 606 3069 3064 3064 4543 4547 4644 4637 4639 4640 4641 119 118 115 115 107 112 785 2146 2143 2160 2163 2168 2169 2172 2672 2668 2665 2660 2654 2652 2632 2628 2632 1508 1509 1510 3374 3356
603 583 593 598 601 604 3063 3059 3060 4542 4546 4641 4629 4636 4637 4638 118 116 114 113 105 789 775 787 2148 3528 3532 2173 2176 2178 2667 2663 2660 2656 2653 2651 2647 2627 1502 1496 1497 1501 3369 3366
605 584 594 597 603 3065 3060 3048 3055 4539 4548 4652 4649 4654 4659 4643 121 120 116 116 116 120 780 3533 3516 3525 3530 3532 3537 2180 2670 2669 2666 2661 2655 2652 2648 2631 1503 1512 1500 1501 3373 3369
1 25
2041 2040 2060 3631 3620 2048 4844 4854 340 1852 3171 1262 1279 3723 3705 789 802 2998 4999 4991 1094 1109 507 510 975
12 7
34 2170 2337 2317 2337 3758 3754
27 2158 2162 2319 3038 4241 3743
34 2991 3010 3045 3025 4222 4234
4202 3000 2102 2093 3028 4236 371
4197 4760 2106 2097 946 675 363
4195 4749 2997 959 940 959 383
473 453 2988 2993 957 962 963
459 458 1232 1251 716 730 967
468 463 3168 3165 723 727 2614
3164 3159 3149 3162 3167 2613 2609
3702 3576 3558 1146 2051 2611 2606
3699 3697 1452 2045 2034 2038 2590
37 1
705
694
712
58
77
2438
2425
2426
413
409
4136
4139
3315
4990
1393
1131
1120
2165
2171
1163
1143
1162
4501
4495
127
144
2684
2681
2679
2677
2660
2323
1296
1299
1300
1303
1308
9 4
4373 4353 1885 1722
4378 4355 1890 1737
2514 2510 2495 4895
1201 1200 1182 1454
625 607 605 1472
624 620 618 442
624 621 1103 1101
821 819 819 1115
820 817 812 830
2 7
2834 2823 4806 1999 1231 448 1117
2966 2959 3171 3508 1008 4687 2953
30 4
4683 4679 4676 4680
4681 4679 4675 4676
4686 4665 4662 4673
1474 1473 4670 4678
3367 1472 1477 1475
3366 1467 1459 1474
3364 2968 1462 1467
3362 2964 2973 1470
3377 2981 2984 2985
2079 2074 2075 2080
2073 2069 2058 2070
2069 2066 2049 2066
2073 2069 2065 166
2078 2070 173 171
396 393 391 402
405 400 388 400
403 402 390 402
1770 1768 1764 1763
1762 1761 1759 1759
1758 1756 1753 1756
1765 1760 1757 1761
1767 1765 1761 1763
1934 1934 1939 1768
1930 1933 1940 1945
1929 1917 1936 1940
1930 1937 4559 4560
3267 4548 4546 4558
3265 3263 4563 783
3266 3282 776 767
3267 3188 3187 768
6 13
4078 4071 4070 4062 4060 4065 3513 3510 3509 3506 3510 3502 3503
4074 4071 4066 4052 4056 4058 4061 3511 3505 3504 3501 3498 3502
4077 4073 4068 4063 4060 4065 4069 932 3503 3501 3498 3496 3501
338 334 331 327 312 313 933 929 925 920 3502 3495 3498
332 329 326 307 308 313 316 924 920 916 913 1057 1062
334 332 328 324 312 317 319 929 925 912 897 1048 1050
2 49
693 689 687 689 4096 4088 3311 3314 3295 3297 3299 3936 3934 3387 3382 3365 132 3711 3709 3710 3711 3720 3715 4983 4998 3936 3928 3929 3930 3922 3910 3922 4495 4499 4502 4507 3218 3217 3212 3208 3203 268 263 256 262 2360 2601 2587 2594
692 687 683 694 4084 4085 3310 3306 3302 3305 3306 3938 3933 3931 3930 3922 130 2556 3717 3713 3714 3722 3721 4133 393 379 3404 3410 3929 3924 3921 4505 4494 4513 4514 4516 3214 3212 3210 3206 3195 3211 2756 2739 2750 2359 2346 926 938
2 1
1405
4936
71 1
2898
2893
2890
2888
2886
2882
2878
2875
2874
2873
2869
2865
2860
2854
2857
2858
2862
2865
2869
2873
2876
2877
2881
2885
2886
2888
2892
2897
2898
2902
2905
2909
2913
2916
2919
2921
2925
2930
2933
1965
1960
1958
1955
1953
1948
1944
1940
1937
1932
1928
1926
1923
1921
1918
1914
1913
1898
1905
1907
1909
1912
1914
1918
1923
1925
1930
1931
1934
1936
1937
1939
8 4
2404 2390 2410 2180
2405 331 2190 2176
3872 312 2000 2177
3865 1993 1982 1988
3878 4570 1993 2366
1417 1422 2365 2364
4540 4553 2347 2363
4545 737 2359 2367
100 100
68 65 64 59 57 55 52 49 43 43 33 28 26 23 19 20 12 17 22 26 27 28 40 63 60 57 58 60 65 69 73 78 82 85 89 97 98 98 102 107 113 112 106 122 121 117 114 104 100 93 91 88 84 76 73 80 88 83 87 92 97 97 102 105 108 112 121 119 118 120 109 108 97 96 95 99 88 105 100 99 97 98 103 117 113 114 116 119 123 139 136 134 136 140 146 153 155 159 159 161
72 68 65 60 57 52 48 45 42 41 37 32 28 21 18 15 0 15 16 21 23 24 38 42 45 52 57 63 69 73 77 81 85 85 97 95 94 93 96 100 102 109 105 119 116 112 109 103 95 92 88 83 79 75 71 76 79 82 83 88 96 95 98 101 102 109 119 117 116 121 106 103 96 94 91 86 86 94 99 96 93 95 97 114 109 113 117 122 137 139 136 133 136 137 144 149 152 154 157 158
70 66 65 62 58 56 54 51 48 43 40 33 36 21 20 18 18 17 17 25 28 32 37 41 44 49 53 55 72 75 76 78 80 84 94 93 90 91 94 95 98 100 100 105 63 59 104 99 97 89 85 80 77 73 66 70 76 78 79 83 87 92 93 95 100 104 114 113 112 107 105 101 92 92 89 85 84 89 89 93 91 92 98 101 104 106 111 138 136 137 136 132 132 134 139 144 147 149 155 156
74 72 69 64 61 61 65 55 53 48 37 34 25 26 20 17 19 8 12 17 20 22 25 43 47 51 57 61 76 77 82 84 85 87 90 88 87 86 91 94 100 95 99 60 59 57 59 97 95 89 84 76 73 69 63 68 72 75 75 79 83 87 92 95 98 100 103 110 107 104 103 100 90 89 87 84 80 87 84 89 88 91 94 98 99 104 105 136 133 134 134 129 128 132 136 137 142 146 151 154
71 73 68 68 70 68 63 61 56 59 30 26 24 23 19 14 0 5 10 15 16 24 25 46 50 56 45 84 79 82 86 86 97 89 95 90 89 85 80 90 90 94 56 55 54 56 60 92 90 82 79 74 70 67 58 59 70 70 72 78 80 82 88 93 96 97 101 105 104 101 100 97 90 89 86 80 79 83 81 85 86 91 101 107 108 112 120 127 129 136 139 126 126 128 131 133 136 140 155 86
70 68 64 67 74 73 65 64 57 63 33 28 25 28 20 18 4 9 13 14 16 21 26 33 36 41 42 47 80 83 88 91 96 101 97 94 91 80 79 87 88 89 93 59 52 60 95 90 87 81 83 78 66 64 57 60 65 68 71 76 80 80 86 87 93 96 100 102 105 98 95 92 89 84 82 78 77 71 78 79 90 95 98 103 104 120 119 124 127 132 136 122 121 124 126 132 133 135 87 83
65 63 59 53 50 75 70 67 71 34 33 29 33 29 21 22 7 16 14 17 21 25 27 32 33 37 46 49 50 87 89 90 93 98 94 89 86 79 75 85 87 56 54 54 51 56 94 89 84 79 72 65 62 60 56 56 61 62 66 70 74 79 81 85 89 91 95 104 104 99 96 93 91 86 87 74 73 70 75 73 74 96 101 104 108 116 114 119 122 134 118 117 116 120 125 128 85 83 84 79
58 57 54 52 46 73 72 71 47 43 38 31 34 30 33 26 8 18 16 22 23 37 38 40 44 38 50 54 56 89 91 86 85 87 87 84 83 78 73 80 81 55 51 48 46 45 42 44 78 74 71 67 62 59 55 52 59 59 64 67 70 74 79 82 93 93 97 105 106 101 100 97 95 91 75 73 68 66 70 72 74 75 105 108 113 111 112 117 118 107 109 108 115 118 120 125 80 82 79 78
49 54 51 48 45 40 74 78 49 46 42 35 36 34 37 30 50 22 30 25 30 35 37 45 46 51 55 57 69 70 87 82 84 82 84 79 80 74 72 75 78 51 47 46 44 41 37 41 44 40 37 37 54 52 50 51 54 56 58 70 74 77 81 80 85 92 100 101 104 72 63 99 74 74 72 69 63 62 67 57 58 62 64 64 107 106 109 107 105 104 106 103 110 114 118 122 76 78 80 76
46 49 46 44 41 38 40 52 46 48 45 43 38 35 40 47 49 45 34 29 31 37 41 44 45 52 62 63 66 70 80 77 81 77 79 78 76 71 68 70 54 51 50 36 35 34 33 38 37 38 34 32 35 50 45 49 59 58 60 63 66 69 73 78 81 91 96 99 73 69 61 77 73 70 66 65 58 57 56 55 57 59 55 60 103 101 106 106 103 102 103 102 105 108 119 124 74 72 67 72
44 43 45 41 37 33 35 49 45 42 40 45 45 48 46 45 44 41 37 34 35 36 38 40 52 63 59 61 62 68 73 76 76 74 80 75 71 66 65 67 68 49 47 43 38 35 32 27 32 33 33 31 40 39 41 43 47 49 54 56 61 64 67 73 87 88 93 71 68 65 58 58 69 69 64 60 57 55 53 51 54 57 53 58 102 99 97 89 94 99 101 101 108 111 116 117 72 70 66 67
40 42 40 39 36 31 30 33 31 32 39 40 43 45 57 53 48 42 40 38 38 40 41 46 51 56 58 62 63 64 68 73 75 71 74 67 66 64 62 61 47 45 44 41 36 31 27 26 31 35 40 28 40 35 39 44 46 47 51 54 56 59 65 71 83 84 85 67 63 60 55 54 66 62 61 57 55 51 47 46 50 51 52 55 99 97 92 88 90 95 97 100 103 107 119 73 68 67 64 63
39 37 33 29 37 32 28 31 29 27 37 41 46 49 53 56 49 51 44 40 40 41 44 47 52 53 56 61 62 65 71 72 73 70 69 67 65 60 57 60 61 43 39 37 32 27 25 24 29 30 35 26 30 31 32 40 42 44 45 48 52 55 63 67 80 72 68 70 69 57 55 52 54 59 54 51 56 45 44 43 48 49 50 54 58 93 88 86 89 90 100 101 105 107 67 69 71 70 67 62
38 35 31 27 29 26 24 25 23 25 32 34 38 52 54 57 50 53 51 50 45 46 49 52 54 55 57 61 67 71 72 75 76 74 73 74 69 54 54 52 42 38 37 33 34 24 21 22 27 28 27 24 26 30 34 36 38 46 49 49 54 57 59 63 75 67 67 66 64 53 54 47 51 54 39 50 45 43 41 41 42 52 41 42 43 96 87 84 86 84 103 106 109 67 66 68 70 77 64 59
39 35 30 25 24 21 20 21 22 23 27 31 35 62 57 62 68 62 58 54 51 50 52 63 68 73 61 66 70 73 75 77 97 76 59 58 56 52 50 47 37 35 32 28 27 22 20 20 21 23 23 20 5 18 21 25 30 31 34 38 55 58 64 69 70 65 64 65 59 52 50 45 50 43 38 44 42 38 36 40 43 47 36 37 39 81 79 79 80 81 92 63 60 66 63 64 67 73 59 58
45 40 24 23 22 17 15 18 21 25 32 33 35 36 60 63 67 61 60 55 57 54 58 61 65 75 75 70 73 75 87 89 92 64 55 53 51 48 46 44 39 35 30 26 22 19 18 0 1 22 18 15 1 17 20 22 26 36 39 40 44 47 65 69 71 67 63 60 55 50 47 43 43 38 37 39 43 37 32 35 44 35 34 34 43 78 75 76 78 81 87 60 57 61 60 67 66 69 69 57
48 44 49 28 27 5 0 8 10 15 17 35 36 64 61 63 68 62 61 59 57 56 59 66 71 72 77 75 80 85 84 84 88 63 61 59 55 53 45 40 36 32 28 26 24 24 22 11 4 23 16 12 7 9 13 26 29 40 42 43 44 37 36 35 40 69 59 57 58 55 46 41 40 36 34 33 39 35 28 25 28 29 31 33 38 70 72 75 79 80 82 55 52 60 55 56 64 67 65 55
49 48 37 35 30 34 20 10 15 19 20 23 41 66 64 69 72 76 62 63 65 59 60 67 71 74 79 76 79 86 83 80 82 80 62 65 60 56 42 39 38 34 31 30 27 28 27 30 32 20 17 16 9 13 17 30 33 34 42 44 42 34 31 34 37 62 58 56 57 59 45 42 42 37 32 28 27 30 25 20 25 27 28 30 69 65 68 73 77 72 78 52 49 58 52 60 63 65 61 54
70 42 40 35 34 38 43 15 24 21 24 27 38 67 65 68 75 78 64 67 68 71 62 70 72 79 81 78 80 79 82 79 77 78 82 59 55 53 48 47 42 38 35 32 36 29 31 34 38 26 23 19 14 16 18 32 33 35 37 41 37 32 29 33 65 60 55 54 56 62 45 44 32 30 26 24 22 25 21 18 22 26 25 28 32 61 59 78 83 69 75 76 45 54 50 55 60 64 57 52
66 61 42 36 38 43 45 47 57 26 30 32 35 36 70 73 58 74 73 68 71 76 77 75 76 91 88 83 83 78 75 74 75 78 83 63 57 55 52 51 45 42 36 33 38 38 33 37 42 31 26 24 15 16 18 21 37 42 31 29 34 30 28 25 35 61 52 50 53 58 60 47 42 31 30 22 19 16 7 0 18 21 23 24 25 58 55 56 63 67 70 43 42 46 46 51 54 59 52 48
64 59 55 50 49 46 49 52 55 60 64 68 48 50 53 53 55 59 74 69 71 81 79 80 90 87 84 79 79 75 70 72 76 78 79 81 64 58 57 52 49 45 50 34 41 40 38 41 38 34 30 26 20 20 23 28 42 28 29 27 26 25 23 24 33 55 51 48 50 55 56 39 37 32 24 20 18 14 12 7 11 12 27 29 33 38 50 53 58 63 43 39 38 41 45 50 41 42 46 44
65 61 57 57 54 48 50 55 57 59 61 65 43 46 48 51 53 57 60 73 76 81 77 78 85 83 80 78 75 72 68 72 69 77 79 66 61 60 58 57 52 50 53 35 47 44 41 44 82 79 32 29 26 21 25 28 33 25 24 23 22 22 18 26 28 30 50 45 47 51 57 39 34 30 27 26 22 15 12 10 14 15 16 30 47 43 46 50 55 58 39 35 36 37 44 46 38 40 45 42
71 69 64 61 58 62 38 38 60 62 65 44 41 44 46 50 51 61 53 56 84 80 76 76 77 85 75 74 71 66 64 67 68 73 77 78 63 62 60 58 55 52 55 58 49 46 44 80 78 74 75 70 75 25 29 33 25 23 21 19 17 17 14 24 26 35 39 42 43 44 58 53 33 31 35 31 24 18 13 11 14 15 16 19 44 41 42 14 17 20 35 32 33 38 42 46 37 41 43 37
74 71 66 62 61 37 33 34 31 32 43 42 38 42 44 54 41 46 50 55 81 75 74 75 78 62 65 64 64 60 59 61 66 70 65 68 67 66 66 63 58 54 56 60 52 47 84 81 76 73 68 66 65 67 71 72 32 23 21 18 15 14 11 22 25 30 35 40 44 49 56 52 49 47 46 28 27 22 17 13 16 16 17 44 40 36 16 11 15 17 34 29 31 33 38 34 35 33 28 33
77 74 69 65 39 34 32 22 30 21 41 38 34 35 38 41 40 44 48 51 76 72 70 72 66 61 63 61 60 56 55 60 63 66 61 66 66 68 64 62 61 58 61 51 48 46 83 81 78 73 69 65 63 68 73 44 31 28 28 22 19 12 6 17 21 25 30 31 32 36 61 54 51 50 41 37 32 26 19 17 21 19 45 39 36 31 7 6 10 18 23 24 28 30 33 33 34 30 26 29
79 72 71 67 18 29 27 19 25 20 22 25 29 32 36 37 39 42 43 50 78 68 65 61 61 60 58 62 54 55 50 52 52 57 56 61 63 68 66 65 64 62 58 57 43 42 44 85 53 77 73 63 62 56 61 39 37 27 24 19 16 11 5 14 18 19 24 36 38 39 55 53 49 45 43 38 33 35 23 19 23 43 42 37 34 29 6 5 8 13 19 23 27 35 33 32 34 33 25 28
21 26 22 19 17 27 23 18 23 18 21 23 25 30 31 32 35 43 45 47 68 67 62 58 57 58 57 61 51 50 48 49 50 55 55 57 59 62 66 61 60 59 55 54 53 41 39 53 51 46 76 41 59 54 59 33 32 29 26 13 12 8 4 9 14 18 16 19 34 39 45 58 53 47 47 41 38 24 21 20 43 38 37 33 29 28 24 1 4 18 18 23 26 31 31 29 34 28 24 29
19 13 27 17 13 12 10 16 18 16 19 21 23 26 31 36 58 61 48 42 55 53 59 55 54 53 52 49 48 49 45 44 47 50 54 55 57 61 69 61 59 56 50 52 51 37 36 31 46 43 35 39 52 49 50 36 35 31 31 15 16 13 1 4 8 11 13 15 29 37 41 40 40 55 51 42 33 29 23 22 47 43 38 28 27 25 20 0 9 14 15 18 23 28 30 26 24 23 19 20
16 12 11 9 9 12 9 13 11 14 16 18 25 26 35 52 55 38 43 38 41 48 51 60 59 54 51 46 43 37 40 43 48 50 54 59 62 67 67 57 54 52 47 48 46 32 31 27 42 40 33 36 44 47 51 53 36 34 35 26 21 16 12 8 10 14 19 23 28 32 33 36 39 54 55 38 37 31 35 34 30 28 23 20 32 27 21 3 5 22 24 21 23 27 25 22 24 17 14 19
15 11 10 5 5 9 6 7 8 10 15 19 22 25 28 48 36 35 37 35 39 44 46 56 55 51 44 41 41 36 39 40 44 48 52 54 56 65 62 67 54 51 46 50 44 32 28 24 22 35 32 37 39 45 49 53 56 38 40 27 22 20 17 9 12 15 16 27 28 33 38 41 44 49 50 37 36 35 32 27 26 23 20 16 13 12 11 7 12 17 19 26 30 41 20 18 12 13 10 10
11 8 7 4 3 1 0 17 12 11 18 23 24 39 41 46 38 34 33 30 35 39 56 55 52 48 43 40 36 32 34 36 38 42 46 47 48 56 60 51 50 46 41 40 39 35 19 22 20 23 31 35 38 42 44 48 60 64 37 29 25 20 19 14 15 19 21 28 33 38 42 46 47 52 55 46 41 36 32 30 27 27 21 17 18 18 13 12 14 21 25 28 33 37 18 14 11 8 7 9
15 10 9 9 4 3 13 17 23 15 27 26 37 34 38 42 42 36 28 26 30 33 34 33 28 39 36 35 33 28 31 35 36 40 44 47 49 54 57 47 45 41 39 38 34 32 17 10 16 21 27 31 34 35 45 54 58 36 32 29 26 23 22 18 21 20 24 30 31 36 47 47 49 54 58 50 44 37 34 33 32 32 33 28 27 23 15 17 20 22 25 29 36 42 19 15 4 3 0 2
20 34 29 24 22 18 15 19 21 22 26 31 30 30 34 40 40 34 27 25 22 26 32 27 24 29 7 6 2 25 27 30 33 37 39 43 48 52 55 50 45 41 37 36 31 27 13 9 11 12 23 28 36 41 57 52 57 62 35 30 27 24 24 21 22 36 27 32 34 40 51 51 50 59 53 49 49 38 36 37 38 41 35 32 29 23 20 19 24 24 26 30 19 16 15 13 8 4 4 7
23 33 30 29 27 22 16 22 23 26 23 28 25 26 28 37 36 32 27 22 21 22 30 26 19 17 14 12 1 20 23 32 34 38 43 47 52 53 57 61 47 43 40 37 26 22 17 0 13 16 21 26 31 36 46 47 50 55 48 45 40 37 26 25 29 33 38 42 47 52 54 75 61 56 51 47 44 43 38 42 43 40 39 35 32 25 22 24 28 25 40 32 22 20 16 11 9 5 9 11
45 38 34 32 29 26 28 27 27 25 22 21 20 5 12 14 41 36 32 25 18 20 23 21 17 15 13 9 7 22 25 30 35 38 43 47 50 56 58 60 48 46 42 30 28 24 22 19 14 18 22 28 36 40 41 46 47 56 51 36 34 32 29 28 34 34 40 42 50 55 80 71 63 61 56 52 48 47 41 43 46 43 40 38 40 28 25 27 28 32 37 25 24 22 20 15 12 6 8 11
43 41 39 35 33 27 31 36 28 26 21 17 16 0 11 12 17 29 24 20 16 15 20 25 22 20 14 13 12 24 29 42 38 41 43 45 54 58 59 56 52 48 45 50 32 30 24 19 17 22 25 30 38 43 46 49 54 57 52 37 38 36 35 30 32 39 44 48 52 80 75 70 66 63 58 57 49 48 42 73 73 67 45 41 43 46 27 29 33 37 41 32 28 27 24 19 14 7 8 13
43 39 35 34 32 31 36 33 30 26 25 22 18 1 16 17 22 29 27 22 15 11 5 5 26 31 32 36 33 28 33 43 39 46 51 53 58 66 63 54 53 53 48 51 31 28 24 20 19 26 29 44 40 42 47 52 57 62 65 44 41 40 36 33 35 40 46 50 89 85 78 70 68 66 59 60 51 50 72 71 68 65 55 51 46 47 35 34 39 42 33 32 30 26 23 20 15 12 10 16
43 40 39 37 34 36 39 36 34 31 29 25 8 5 9 18 29 24 22 18 13 0 2 3 4 32 33 38 31 29 38 46 41 51 56 58 63 70 64 59 58 53 52 56 34 33 27 23 25 26 51 50 45 46 50 54 60 64 48 45 43 43 40 35 38 42 43 48 50 86 76 74 70 76 61 77 73 85 81 76 64 60 57 52 48 48 38 39 40 44 46 34 31 30 29 25 28 32 11 15
44 41 40 36 35 40 41 40 39 35 31 28 14 10 14 35 34 30 27 19 16 8 3 6 7 10 13 31 35 34 40 48 42 62 59 62 64 74 69 64 65 56 56 43 38 33 30 27 26 31 54 51 46 50 57 55 63 66 53 46 46 45 44 40 41 45 48 58 59 62 81 79 80 75 75 76 71 75 62 60 56 55 61 56 58 63 68 46 44 48 39 38 35 30 28 27 32 35 40 42
45 44 45 41 36 38 47 46 43 39 25 24 19 11 14 34 32 31 29 30 11 9 5 10 11 13 23 30 31 35 36 41 71 68 64 66 67 77 73 69 66 61 58 47 39 33 32 30 31 35 56 55 49 53 54 57 62 71 58 53 49 50 48 43 48 47 48 53 56 57 85 77 75 71 70 74 70 62 61 56 55 52 49 58 61 68 73 48 49 53 62 43 40 31 31 28 37 38 41 46
48 44 43 41 37 41 53 48 45 34 27 29 22 14 39 37 33 32 33 35 11 10 18 15 20 21 22 26 30 34 38 46 74 72 68 71 78 83 86 87 70 54 50 47 43 43 39 38 33 36 41 58 52 55 56 61 77 82 84 87 52 51 55 54 52 50 53 55 58 81 76 73 72 67 66 63 66 61 56 59 53 49 48 42 47 49 55 58 52 60 60 50 49 33 33 30 33 41 46 78
49 48 45 42 38 46 57 49 35 32 31 29 24 49 44 42 40 35 37 18 17 14 19 19 21 26 31 29 33 35 41 50 77 74 70 75 77 79 91 94 75 58 55 50 48 44 40 36 34 38 40 44 57 58 63 64 76 82 87 92 75 77 80 56 54 53 57 58 62 85 79 71 69 65 61 59 55 53 51 50 51 48 43 38 41 47 52 54 47 57 55 50 45 48 63 60 57 42 46 76
54 50 48 45 41 51 44 54 39 36 32 31 28 51 48 46 41 39 23 19 18 16 30 28 25 26 27 31 36 40 41 52 78 79 74 80 82 84 86 79 77 64 59 51 51 47 42 37 39 43 45 47 58 63 66 69 72 77 82 87 73 74 78 82 57 84 86 61 67 86 72 70 69 66 65 61 59 54 49 45 44 46 41 37 41 43 48 53 43 46 43 38 42 44 49 55 56 59 66 71
58 57 54 49 45 42 41 40 39 38 35 35 29 32 50 47 45 44 28 23 21 19 46 43 28 27 29 32 54 55 60 70 66 67 77 84 87 88 92 94 78 67 52 47 46 44 43 45 40 47 46 48 61 64 67 73 77 72 85 70 69 71 75 77 79 81 86 89 94 87 91 74 71 69 67 59 57 53 48 44 43 42 35 34 40 42 43 30 39 33 37 34 37 41 49 50 55 60 62 67
62 63 58 54 49 46 43 50 47 43 46 39 34 63 61 60 59 47 32 42 42 40 40 38 43 44 31 32 52 54 59 62 65 68 72 88 64 92 97 100 105 83 55 48 74 47 44 64 42 52 48 53 55 62 63 65 67 70 75 72 67 68 77 79 81 83 89 92 99 93 88 84 80 77 68 72 60 56 53 45 42 37 36 31 39 40 24 28 34 32 34 33 39 40 46 49 55 57 61 71
63 64 61 59 54 50 45 56 51 48 47 66 64 62 59 56 54 49 45 41 38 39 37 35 40 41 43 44 51 52 57 59 61 66 67 71 62 66 67 70 75 81 77 75 70 67 64 62 62 54 49 51 54 57 58 62 70 75 74 67 66 71 72 74 79 82 94 78 97 96 93 88 78 74 69 68 60 55 54 59 36 34 33 30 35 24 23 23 31 29 29 30 35 37 41 46 50 55 57 59
70 66 63 61 66 81 78 58 54 52 48 68 66 60 55 53 51 48 41 39 37 34 31 30 34 38 40 41 46 47 61 60 63 65 53 55 59 64 69 73 76 78 80 86 85 64 63 59 57 55 51 53 55 58 60 63 74 53 71 66 63 66 68 72 74 76 91 75 99 94 92 90 79 74 70 65 61 60 59 61 38 36 31 26 21 19 21 20 22 24 27 28 29 32 45 48 55 58 59 62
75 67 66 65 79 78 75 72 69 68 65 66 61 56 52 49 48 46 41 42 36 34 30 27 29 23 24 28 49 51 56 59 65 49 50 55 62 65 67 69 70 79 92 87 84 68 65 62 60 57 53 56 61 66 68 60 55 50 47 60 58 64 65 67 71 85 90 71 72 99 94 92 80 77 72 67 62 43 40 34 33 29 24 23 20 18 17 16 18 20 24 29 32 35 54 53 54 61 63 68
74 73 69 68 83 83 76 73 69 65 62 57 54 49 50 54 45 41 40 38 35 33 29 25 18 21 17 18 25 29 33 37 41 44 47 48 63 69 71 70 74 90 88 83 81 75 73 67 61 56 55 58 63 64 63 62 60 55 46 60 56 59 64 72 77 80 81 68 71 97 93 88 80 76 75 74 72 41 36 34 33 30 29 28 22 17 13 14 17 18 21 30 37 59 58 55 56 57 65 67
78 76 74 72 91 87 79 78 73 68 61 58 50 47 46 43 38 40 38 32 33 35 23 21 1 9 13 15 20 24 37 38 72 48 53 55 58 63 70 71 74 95 81 80 76 71 69 66 64 61 57 59 54 67 62 57 55 50 45 48 51 53 56 74 82 83 71 67 69 74 86 84 78 74 74 68 67 61 61 38 40 36 28 25 21 17 12 14 18 21 23 24 41 44 60 60 61 62 67 72
144 149 143 99 94 91 79 76 72 70 62 57 52 51 47 40 36 35 34 29 28 27 25 24 14 11 17 20 24 29 32 66 70 74 75 60 64 67 68 69 93 85 83 81 77 75 74 68 59 59 59 56 53 49 47 53 52 49 42 46 47 49 50 77 68 68 64 62 64 70 78 80 76 73 71 66 65 60 60 54 51 33 32 26 18 14 1 15 23 25 28 35 37 42 49 44 65 64 68 71
140 142 139 132 95 88 87 81 73 83 78 79 55 57 52 44 39 36 38 33 31 29 30 28 32 35 18 22 25 27 66 65 66 68 74 65 67 79 82 84 88 91 93 82 79 70 66 61 57 55 54 52 50 45 42 40 36 46 41 41 44 47 48 71 66 64 63 61 68 68 77 76 70 71 68 64 61 59 59 52 46 31 29 25 14 9 5 7 21 22 25 30 32 38 43 43 70 68 71 75
137 137 134 130 131 88 85 85 82 80 76 74 66 64 44 42 37 33 30 38 36 33 36 41 37 40 21 27 52 57 62 63 68 69 70 72 73 75 78 83 87 92 90 91 77 75 69 64 54 52 49 47 46 44 39 36 33 37 39 38 40 42 58 66 63 59 57 57 63 67 74 71 68 67 62 59 57 57 54 49 45 28 25 21 18 14 9 14 19 24 28 33 36 37 40 42 44 71 75 77
132 134 132 125 128 82 80 79 77 73 73 69 64 61 57 37 32 30 27 27 40 34 41 42 44 43 32 37 49 52 55 66 67 70 74 75 78 79 80 85 92 91 88 87 87 93 55 53 52 49 48 44 43 40 34 32 30 35 35 37 41 44 53 58 60 56 54 55 60 61 64 72 68 65 62 58 56 52 48 44 41 36 31 27 24 19 12 16 24 26 28 30 35 39 52 57 46 74 75 80
131 130 127 124 128 117 84 105 72 69 68 65 62 58 53 51 30 27 25 22 25 17 44 46 32 27 30 32 45 46 53 68 69 71 76 78 68 81 84 96 95 93 88 86 86 88 61 58 50 47 52 41 39 35 33 29 25 26 30 32 35 36 48 55 53 51 52 56 64 60 81 76 72 67 65 61 60 29 26 22 20 23 36 31 28 23 21 18 22 27 30 44 44 45 51 55 62 78 82 86
132 125 123 122 116 112 100 100 96 77 73 67 66 56 51 48 25 23 20 19 19 15 17 19 27 25 27 39 44 48 49 51 56 57 62 65 66 78 77 94 90 89 86 82 81 83 57 56 48 45 42 39 35 32 28 27 23 26 32 36 37 42 47 52 53 50 51 52 58 57 59 45 43 69 67 62 63 26 25 21 18 18 21 34 29 27 30 22 23 32 35 40 41 44 49 52 59 60 62 62
126 125 122 118 112 108 97 99 93 94 90 82 79 50 49 46 50 32 30 15 11 14 21 19 25 24 27 34 39 41 42 43 44 55 59 63 64 73 73 77 92 92 83 79 79 78 53 51 47 42 46 29 28 25 24 21 20 21 25 27 25 44 50 55 39 46 49 54 55 56 47 44 38 38 31 26 19 25 22 19 14 16 18 22 25 28 35 30 34 33 36 44 44 45 48 53 54 56 57 59
121 119 115 114 109 106 96 94 91 89 86 81 76 78 47 42 34 29 27 10 9 13 18 17 20 21 26 29 31 44 34 38 42 50 57 61 63 68 69 70 88 84 82 78 76 74 76 65 44 41 36 33 34 30 28 23 18 23 28 31 20 21 25 40 36 43 46 49 52 53 42 41 37 33 29 24 16 14 12 15 11 15 17 22 16 21 21 25 29 37 40 45 46 48 49 57 56 60 58 63
116 114 109 107 105 104 101 96 92 87 95 75 74 45 44 40 34 30 26 3 1 7 8 13 15 17 20 22 27 29 31 34 37 46 53 54 64 70 72 75 85 80 79 74 73 69 69 63 39 37 33 31 29 26 23 19 15 20 11 16 17 20 22 40 35 38 40 45 56 43 40 36 32 28 24 20 15 11 10 14 9 11 12 14 15 17 18 20 25 27 29 33 58 53 57 58 59 63 61 66
120 115 110 107 103 100 97 93 90 86 91 76 73 77 40 35 31 26 23 20 17 19 22 16 18 18 25 27 29 31 33 37 40 45 48 50 53 57 77 85 83 78 76 74 69 68 65 59 56 51 43 38 33 29 17 16 12 7 10 12 15 21 22 34 30 34 44 50 39 37 35 32 28 24 21 17 14 14 9 12 8 9 12 19 18 18 19 21 30 35 36 44 59 58 60 64 71 65 86 88
119 118 99 97 93 92 89 88 85 81 85 73 71 41 36 35 32 27 27 24 21 26 31 26 21 23 25 32 36 37 40 44 42 49 51 54 55 83 78 73 69 82 80 76 70 65 60 57 54 50 46 41 38 21 17 14 11 6 7 10 14 19 20 32 27 31 35 37 36 33 32 28 23 20 16 13 12 9 8 4 1 2 15 23 22 20 23 25 34 35 38 39 67 64 63 64 68 77 81 82
124 120 98 95 94 89 88 91 77 76 75 73 69 65 41 37 36 34 29 30 31 32 41 28 24 25 26 31 35 36 37 39 41 46 65 59 96 94 96 67 66 64 60 56 55 49 61 59 57 35 33 32 21 16 13 10 6 2 5 9 12 15 19 23 24 28 32 34 35 37 34 27 25 25 19 14 14 10 13 7 13 16 19 24 30 25 28 29 38 39 41 44 70 67 68 69 70 74 78 80
103 99 96 91 88 87 84 81 77 74 73 68 63 61 54 50 50 34 31 32 33 36 39 40 51 28 27 35 39 39 42 43 46 62 64 66 91 90 94 67 65 57 56 52 50 47 46 42 34 33 32 30 26 9 7 6 2 1 5 6 15 16 17 19 23 24 29 36 37 38 34 31 30 33 20 15 17 15 14 9 18 23 26 27 28 28 33 30 43 44 45 47 75 71 74 70 74 78 83 85
99 98 95 93 91 92 88 85 77 72 69 66 61 56 52 47 46 41 36 33 35 37 42 45 47 52 53 54 67 41 47 50 55 57 59 83 87 88 90 65 62 59 58 53 52 51 41 37 36 35 35 23 22 17 12 11 6 15 6 10 19 20 24 27 28 25 26 31 35 54 39 34 31 25 21 26 22 23 19 24 21 23 25 30 35 30 33 44 56 52 47 49 52 81 76 72 75 81 85 86
113 110 108 105 101 96 88 86 79 76 74 68 65 58 56 50 47 42 38 43 39 38 46 46 48 52 54 58 63 68 51 53 54 57 61 81 83 71 72 68 65 64 59 58 53 50 45 42 38 27 23 22 21 17 13 15 9 19 23 24 21 21 26 30 35 45 47 50 52 53 58 38 41 30 25 31 28 24 23 27 26 26 29 33 38 35 38 42 43 53 52 53 55 56 81 76 90 86 87 90
108 105 103 100 98 93 92 88 91 78 76 74 69 63 61 53 45 44 47 50 53 63 56 55 51 52 53 54 59 57 52 56 57 85 82 79 83 66 68 75 78 68 63 60 53 49 47 47 42 33 32 27 22 22 15 17 13 15 16 30 26 30 28 34 39 43 46 50 53 57 61 43 46 31 30 31 30 26 25 32 27 28 30 34 36 40 40 45 52 55 57 54 57 60 85 77 93 88 89 95
110 108 107 105 97 95 93 93 96 98 79 77 72 68 64 55 47 48 51 55 57 61 65 60 53 54 57 58 66 72 53 58 86 82 80 76 70 65 69 74 76 78 66 64 57 52 48 51 38 36 34 31 33 27 16 23 18 19 20 34 30 33 32 36 42 45 47 49 60 71 76 77 82 38 35 35 31 29 37 36 29 29 32 39 39 43 47 50 51 52 55 59 64 62 63 81 95 92 96 100
118 113 111 114 104 97 98 95 100 102 80 79 75 73 65 70 52 65 62 60 65 63 67 61 56 57 59 62 65 67 72 75 76 75 74 71 67 63 64 69 71 72 68 67 61 57 53 57 43 39 41 36 39 34 30 25 21 24 25 38 34 36 33 48 46 56 52 56 59 66 68 73 77 80 40 38 34 32 42 37 31 30 34 46 42 45 48 54 54 57 61 62 66 67 70 82 87 97 97 105
119 116 117 122 102 101 98 96 110 105 110 77 76 75 67 70 71 72 67 63 68 43 43 63 60 62 50 64 67 68 72 79 83 78 72 71 67 59 64 67 77 76 71 74 62 59 54 59 64 43 42 37 40 35 31 26 24 29 28 40 38 39 37 54 49 61 56 57 62 65 68 70 73 76 40 39 44 34 43 39 32 34 38 48 45 50 95 60 58 59 63 65 69 72 81 83 90 109 101 108
124 119 124 128 111 106 98 97 113 108 53 82 77 80 71 74 76 81 69 67 43 42 41 45 64 45 48 50 54 72 74 78 74 73 71 67 62 57 61 65 73 75 80 66 62 61 57 64 68 44 45 41 37 36 35 29 27 33 32 35 43 42 58 57 54 62 59 62 63 66 70 73 75 79 84 44 49 46 44 40 45 50 53 53 49 51 93 91 61 66 69 70 72 75 76 79 111 105 101 111
125 123 126 127 66 64 105 100 55 50 52 83 82 85 82 79 84 30 26 21 24 41 38 42 40 43 44 48 49 57 53 58 58 72 71 69 64 56 58 60 69 72 77 82 65 61 58 69 73 46 49 41 39 37 39 34 32 39 36 37 44 47 62 58 55 63 60 65 67 71 73 77 77 83 85 89 50 49 47 42 47 54 55 54 50 92 91 90 92 77 78 81 71 68 72 77 107 104 99 102
127 126 130 70 65 63 60 58 53 48 49 52 84 90 85 81 30 25 21 17 22 34 33 38 36 40 42 43 58 53 50 53 55 56 64 59 59 54 60 62 64 65 70 72 66 70 66 72 77 50 55 57 44 39 44 35 43 41 38 42 50 49 63 61 65 64 64 75 70 76 74 76 77 82 87 61 57 52 49 45 51 86 60 57 55 93 88 87 90 75 80 74 70 66 70 71 101 99 95 89
132 78 75 72 69 66 61 48 45 44 42 37 39 41 36 31 25 20 16 13 21 32 28 33 35 37 38 41 49 48 47 49 53 61 60 58 55 53 57 61 66 59 62 66 66 63 64 69 69 72 75 61 58 54 49 49 44 42 39 44 45 48 65 64 67 71 76 76 72 77 77 81 85 87 91 63 58 55 51 46 86 85 88 93 91 88 83 86 90 71 77 80 61 65 67 72 99 94 91 86
135 140 77 73 74 71 51 47 46 42 39 35 34 31 30 27 29 16 14 9 19 31 26 30 39 38 41 46 47 46 45 48 50 55 56 54 50 49 47 51 52 56 53 57 61 58 63 66 67 70 72 79 57 53 51 49 46 46 43 48 49 52 70 69 68 69 71 78 74 81 83 85 89 88 95 63 60 57 59 87 84 82 86 85 88 86 81 84 70 68 72 60 59 61 66 70 76 95 90 85
136 85 82 77 76 72 55 50 50 45 44 38 33 29 28 25 26 11 10 7 18 27 25 24 33 33 37 39 48 46 42 47 50 51 56 55 51 48 46 48 50 51 52 56 56 55 59 64 65 67 72 77 78 57 56 52 51 47 44 58 54 54 55 72 71 73 87 83 78 80 84 86 102 104 111 112 63 59 64 83 80 79 75 82 77 79 77 71 72 67 65 59 58 60 68 68 71 75 85 83
140 86 83 79 79 75 76 52 49 46 44 42 32 28 26 24 25 18 8 4 13 12 20 23 28 31 32 33 46 42 37 44 45 50 52 51 50 46 43 45 46 47 55 48 47 54 56 61 66 71 75 69 64 62 59 57 53 49 45 62 59 63 66 67 76 77 90 88 79 85 101 101 99 103 107 109 90 64 85 84 77 76 72 78 74 73 72 68 67 64 62 55 57 59 63 67 69 74 78 82
85 82 84 82 75 71 72 54 52 49 48 47 27 30 22 21 16 13 18 0 9 11 15 19 21 26 35 39 43 39 34 39 42 46 41 43 36 42 38 41 43 46 43 48 46 51 56 58 53 74 62 64 66 66 60 59 55 52 57 61 63 65 70 71 73 78 94 106 81 102 97 98 96 101 85 82 85 91 83 80 75 73 69 71 59 71 69 64 62 61 57 53 55 58 63 66 69 70 76 81
81 77 79 73 74 68 71 61 62 33 31 28 24 23 21 19 14 11 9 8 12 17 17 20 21 24 27 37 29 32 30 35 40 41 39 38 35 38 36 38 41 45 41 50 45 49 50 55 52 58 57 62 66 68 77 73 59 56 59 61 64 68 93 76 75 76 106 102 100 97 95 93 92 84 81 79 82 87 81 79 75 70 66 64 58 74 69 68 64 52 48 48 49 63 63 63 66 69 71 73
76 75 74 70 69 67 63 60 57 47 43 31 30 26 23 22 15 12 11 12 13 14 22 23 29 31 33 32 28 29 25 26 31 43 39 36 34 30 34 37 39 40 36 40 43 46 44 49 50 53 55 57 62 80 75 70 61 60 62 66 89 84 88 81 77 111 107 106 100 99 94 90 88 82 75 77 79 91 85 77 79 67 64 63 57 64 59 57 53 49 44 46 50 58 59 62 67 72 72 74
77 74 73 70 70 66 61 58 56 43 40 35 34 29 26 23 20 20 15 14 18 17 21 22 26 30 31 27 24 27 22 26 28 45 39 35 33 29 32 36 38 37 32 36 38 41 43 44 49 34 59 62 49 47 67 65 62 63 70 72 78 80 84 87 82 112 110 111 95 94 90 87 85 81 74 75 79 68 69 73 75 70 65 61 56 60 43 38 38 44 43 48 50 53 56 59 64 69 73 77
79 73 71 69 68 63 59 56 54 53 47 44 37 32 30 26 23 21 23 19 17 15 16 20 24 28 29 21 19 15 18 20 45 42 40 33 33 28 20 16 18 26 29 32 37 39 40 44 35 33 37 38 45 46 49 61 61 64 67 68 73 76 81 81 102 101 99 97 92 90 88 87 83 78 73 76 68 65 68 69 63 73 69 55 51 56 40 36 36 40 40 44 46 48 51 61 69 71 73 75
80 78 73 73 69 66 61 60 51 48 46 42 40 39 35 36 24 18 16 15 12 11 16 21 29 33 25 17 14 11 15 20 46 41 37 31 27 23 18 14 17 22 26 27 41 40 43 33 30 31 33 37 41 44 51 59 60 62 62 63 68 69 73 77 100 96 102 97 96 94 90 81 80 75 71 67 61 61 67 65 62 58 57 48 46 39 35 31 34 36 38 42 50 52 54 56 72 56 76 80
79 72 71 73 68 65 63 59 51 49 47 46 45 44 38 23 21 18 15 13 10 9 20 24 25 27 20 17 11 6 11 15 16 37 34 31 23 18 15 11 12 17 28 32 22 22 26 30 27 27 31 30 35 51 49 55 56 59 60 64 69 70 73 98 96 94 89 87 85 84 79 75 74 71 68 64 60 58 62 60 58 54 52 47 42 40 35 30 35 38 41 43 52 55 58 62 67 54 56 82
74 71 67 64 63 61 60 57 55 52 51 50 50 47 43 27 25 33 32 16 13 8 1 20 25 22 18 14 2 4 8 10 15 18 34 30 26 15 13 8 11 23 24 29 20 21 21 27 23 24 28 29 32 37 46 50 51 56 62 66 68 85 87 91 114 109 93 109 104 102 81 78 75 72 69 66 58 57 54 51 54 34 33 34 39 35 30 27 32 36 41 32 39 43 48 63 52 53 54 57
77 73 68 65 66 66 64 58 59 58 56 51 56 48 47 50 37 33 30 25 12 9 15 21 19 18 14 12 0 2 5 8 12 14 29 25 21 21 16 6 8 22 19 11 16 18 20 22 22 25 31 34 38 40 41 45 47 51 56 68 81 84 89 91 112 107 106 105 102 100 94 92 78 92 96 62 60 54 49 48 49 33 32 30 23 34 29 25 27 32 36 31 36 41 41 43 48 49 52 56
79 78 70 69 71 70 69 65 60 60 61 52 56 51 50 53 31 26 24 20 17 14 17 22 26 22 19 13 10 3 7 11 14 32 31 20 18 16 11 1 15 18 14 10 13 14 18 20 21 25 27 29 34 39 44 50 55 56 72 73 76 80 86 87 91 111 107 104 102 97 92 87 90 88 63 61 57 53 48 47 48 33 29 25 21 22 17 21 23 24 26 28 27 32 37 42 43 46 49 52
82 80 74 92 84 79 74 76 61 63 65 63 59 54 53 54 43 35 26 21 19 18 20 23 30 27 20 16 15 8 11 15 16 34 35 22 19 18 14 19 23 22 12 7 10 15 17 20 25 27 29 31 33 34 63 62 64 72 67 72 74 76 81 83 90 99 94 89 86 83 88 83 87 85 60 59 58 57 48 46 43 37 36 19 18 19 14 17 18 20 18 21 22 25 30 45 48 51 53 54
87 82 84 87 83 81 77 83 76 75 70 65 61 57 46 41 40 30 27 23 21 19 22 28 31 32 18 17 18 12 13 20 22 38 36 27 24 22 18 22 30 13 9 6 11 16 21 24 28 32 34 39 43 45 56 58 62 66 66 69 76 75 80 84 87 94 91 87 83 82 81 80 85 80 69 65 61 63 44 41 38 36 31 30 17 15 10 13 15 16 17 18 25 30 36 41 46 49 52 55
89 87 91 95 90 86 81 79 79 78 72 67 64 51 47 41 38 35 31 24 24 23 24 29 36 27 22 18 20 23 22 21 26 31 45 34 29 25 23 34 29 12 9 4 5 9 12 14 39 35 46 46 49 54 52 55 57 62 63 68 72 73 76 81 107 105 104 100 88 84 80 79 82 78 79 64 64 62 58 43 42 33 32 27 22 20 1 14 11 12 18 19 29 30 35 40 44 46 57 59
96 91 89 89 87 82 79 75 71 66 61 52 49 46 45 42 39 40 36 41 29 25 38 34 30 28 23 22 27 24 30 26 30 43 40 35 31 28 25 29 26 21 17 1 2 4 15 27 37 35 41 42 44 50 50 53 55 58 63 63 68 69 71 77 107 102 100 98 102 84 78 78 72 73 70 61 60 57 56 58 43 32 35 31 23 6 4 5 6 9 10 11 24 28 30 32 33 34 35 58
91 93 88 87 82 79 79 78 64 61 57 53 51 50 51 46 53 43 39 38 34 35 37 40 31 32 26 25 27 29 33 29 30 45 44 38 36 32 30 32 30 22 8 6 8 11 12 23 33 33 38 41 46 47 49 50 51 54 59 62 65 68 70 73 78 105 97 94 84 79 77 75 71 70 69 64 59 54 52 54 33 29 23 18 15 12 7 9 10 15 15 19 23 25 35 38 35 39 41 55
88 87 85 83 80 75 71 68 66 65 60 56 55 53 56 55 52 47 43 44 37 40 39 45 37 36 30 26 31 33 35 34 52 48 50 45 41 40 35 32 31 26 28 7 9 13 14 19 30 32 36 44 50 50 54 54 55 56 60 61 64 67 68 71 75 97 95 92 89 80 79 78 74 75 70 60 59 51 47 49 29 28 24 22 17 15 12 15 11 14 18 23 25 26 36 38 40 42 47 50
93 92 89 85 82 76 75 73 71 62 61 72 68 66 61 60 56 52 47 45 47 42 47 46 41 36 35 38 43 44 40 41 78 53 74 49 42 44 40 38 36 28 19 17 13 16 20 25 26 30 33 41 43 48 49 57 61 65 63 65 75 78 82 82 83 101 100 92 88 87 82 80 76 80 60 56 54 49 45 43 41 30 25 27 18 17 14 16 13 16 23 27 30 32 37 41 43 59 60 66
96 97 93 90 84 80 76 80 75 65 64 76 73 68 64 64 57 57 49 48 52 44 49 50 42 46 36 40 48 49 43 80 77 74 72 68 53 48 47 43 41 22 18 17 14 21 23 30 30 32 37 38 41 43 46 48 63 64 67 68 71 73 77 80 85 88 103 99 91 92 73 72 69 64 63 58 58 47 42 42 36 33 31 24 23 28 29 34 16 19 27 32 32 37 40 43 52 58 57 62
95 91 90 86 83 80 79 85 83 80 79 75 71 66 65 68 61 64 51 54 55 49 51 53 47 48 60 59 56 52 47 71 68 67 67 64 63 53 52 46 46 26 19 18 18 24 24 26 38 37 40 43 44 46 48 51 66 69 68 72 75 76 82 83 107 104 100 95 91 87 82 78 73 67 66 63 43 42 41 38 35 32 30 35 26 31 32 35 36 42 40 43 37 42 43 47 51 54 56 57
100 93 95 90 84 82 81 88 85 83 82 77 73 73 70 63 62 66 54 61 58 54 53 56 52 56 63 63 58 56 50 68 67 66 61 60 59 58 57 60 63 29 25 22 21 29 28 33 41 39 42 46 49 59 50 53 58 59 60 76 80 82 86 109 105 103 99 97 94 90 87 82 78 74 69 67 54 45 40 35 31 28 25 22 18 20 34 38 39 37 39 40 43 43 44 45 49 53 61 66
104 101 97 93 108 87 100 90 86 85 84 78 77 81 75 69 67 72 59 64 62 56 61 57 60 70 65 62 61 58 93 87 71 68 67 64 62 65 61 66 36 33 29 27 24 28 33 36 44 47 45 46 50 54 55 57 62 66 70 79 83 87 92 112 110 101 97 98 89 86 84 82 81 77 73 51 49 46 42 38 37 26 24 21 14 15 22 31 30 32 34 38 39 45 48 48 52 59 66 70
117 115 111 109 107 103 99 97 94 90 90 86 82 78 75 72 68 70 74 77 67 61 62 61 68 67 66 63 95 92 91 85 82 73 69 67 67 66 62 65 75 35 30 28 28 29 38 40 47 52 49 50 51 56 58 58 64 70 74 84 86 89 93 96 99 97 92 88 86 80 89 86 84 78 60 56 54 51 41 38 33 32 21 18 1 14 19 20 28 29 34 36 41 42 46 50 52 55 58 73
120 119 118 114 108 106 100 103 100 95 92 90 84 82 79 74 70 74 79 81 83 65 64 63 72 70 97 96 92 89 86 84 79 76 73 75 76 71 67 70 73 32 31 32 33 32 39 55 52 57 54 51 54 61 66 63 69 73 75 87 90 92 97 98 96 95 91 87 82 77 74 91 68 62 52 48 44 42 37 34 31 29 24 22 18 15 20 21 23 26 38 39 45 43 50 52 53 59 64 68
125 123 119 119 110 112 107 106 101 99 93 92 93 94 80 81 80 79 82 82 69 67 67 71 76 75 98 101 94 94 89 86 81 78 74 79 80 77 72 75 79 80 35 35 35 33 37 57 54 62 55 56 64 62 68 72 76 77 76 80 84 97 106 101 105 100 95 90 83 72 69 66 63 58 56 53 50 47 40 36 36 31 31 27 31 17 24 25 24 25 27 31 33 38 55 53 54 58 59 60
2 6
4484 4470 271 284 1901 1907
4489 1478 1466 1893 1899 1902
1 97
1909 1905 1900 1898 1893 1892 1909 1912 1915 1918 1921 1925 2756 2752 2747 2742 2741 2739 2736 2727 2733 2735 2739 2740 3855 3851 3846 3843 3840 3836 3831 3828 3824 3819 3839 4250 4244 4257 4261 4262 4263 1090 1086 1084 1080 1077 1072 1070 1065 1050 1064 1069 1074 2150 2149 2144 2140 2131 2138 2142 3341 3336 3334 3755 3763 3767 3770 3771 3774 3776 3779 3781 4046 4041 4037 4036 4033 4029 4027 4022 4011 4015 4016 4019 1474 1472 1469 1464 1448 1467 1468 1472 1475 1476 1477 1479 1482
49 2
2990 2988
2989 2984
2983 2979
2981 2972
2995 2991
2996 2996
3001 605
596 593
1431 597
1429 1425
1434 1416
2083 1417
2080 2084
2075 2078
2059 2071
2077 780
770 775
762 772
778 2462
2469 2454
1569 1557
1574 1565
1999 1999
1995 1980
200 1990
389 391
404 393
399 395
3187 400
3184 3189
3190 3192
3193 3194
3196 3201
3199 3202
3203 3207
3207 3208
3208 3211
3211 3214
3212 2883
2881 2880
2873 2877
2872 2875
2856 2864
2864 2009
2031 2026
2034 260
268 255
270 261
275 265
13 2
1496 1496
1491 1494
1487 1485
1482 1481
1477 1479
1476 1481
1464 204
221 203
1216 212
1222 2099
3777 1349
3759 3760
3778 344
15 3
1054 4688 4695
1034 4683 4693
1451 4698 2434
1433 1452 2436
1442 1445 1103
1446 1098 1089
1343 1338 1092
1332 1327 3125
1335 1330 3144
4216 1332 3148
4196 4211 3153
4199 40 43
39 38 39
35 29 4419
36 4433 4416
2 17
643 635 2590 2604 552 3236 1061 1066 2752 2737 2735 2744 276 287 4865 4864 4867
826 825 2604 563 546 3226 1052 1059 2750 2747 2744 289 273 284 4866 4863 4864
27 2
3855 3854
3852 3850
3850 3848
3839 3845
3834 3841
3832 3836
3831 3836
3829 3832
3826 3820
3821 3816
3808 3811
3803 3807
3786 3796
3793 3794
3796 3798
3798 3800
3800 3801
3802 3806
3803 3809
3806 3813
3811 3817
3824 3820
3827 3821
3830 3826
3831 3827
3832 3831
3837 3842
20 1
2543
3585
965
4573
4586
214
1959
3942
3958
522
55
770
771
4717
389
393
3724
4889
1038
1042
2 31
1222 1423 1408 1426 732 669 667 685 436 3473 35 49 1101 1111 546 542 4535 4531 4533 4446 4441 4440 604 4960 4225 4219 3419 3433 3901 3907 3920
1214 1234 1419 718 717 723 335 339 3466 3459 3464 1900 1880 1898 557 541 548 4526 4524 4530 4445 4443 617 4978 4983 4233 3428 3437 3913 3914 3919
10 8
4946 4931 4936 4938 4935 4945 4953 4952
4941 4928 4935 4935 4934 4942 4945 4950
4940 4922 4930 4932 4933 4938 4940 4945
4944 4925 4927 1346 4937 4942 4941 4942
4947 2611 1339 1331 1347 1350 4871 4878
2605 2602 620 1335 1338 4872 4867 4874
2614 2609 623 1337 1339 1342 4866 4870
2615 1349 1344 1341 1342 4864 4865 4868
1353 1351 1349 1345 4879 4862 4868 4873
1354 1356 1350 4876 4874 4872 4876 4875
5 5
25 21 0 5 9
21 15 15 17 14
0 15 30 15 0
19 7 15 17 5
9 21 0 18 21
8 11
1920 1932 1937 1942 1947 3453 3455 262 267 266 270
1847 1860 1942 1943 3447 3450 260 258 262 264 265
1863 3436 3442 3443 3442 3446 257 254 255 261 268
2011 3432 3437 3440 3441 239 246 253 254 259 264
1992 3418 3437 3438 1824 238 233 251 256 261 3587
2009 3435 3441 4535 1820 1817 238 3576 3581 3582 3584
3585 3598 4531 4532 1819 1816 3583 3574 3578 3579 3589
3574 3594 4520 4527 1826 1814 3572 3573 3578 3580 3594
1 33
1222 1217 1214 1210 1207 1204 1202 1197 1192 1187 1184 1179 1170 921 901 2176 2156 663 668 672 674 2845 2826 2844 3083 3082 3078 3076 3075 3073 3060 3146 3155
63 3
970 966 946
959 954 952
962 958 956
967 961 961
3075 3074 3069
3071 3063 3065
3073 3074 2899
2906 2905 2886
2908 2905 2901
2909 2906 2905
2912 2908 2907
2918 2913 2909
2919 2917 2910
2920 2925 2929
2923 2929 3408
3410 3408 3407
3412 3406 3402
3394 3395 3400
3389 3391 3396
3385 3388 3390
3380 3384 3385
3377 3379 3390
3376 3370 3372
3371 3367 3371
3371 3366 3368
3364 3348 3360
3370 3367 3370
3374 3369 3374
3375 3371 3377
3380 3375 3380
3383 3388 3382
3386 3391 3384
3387 3395 3387
3397 3392 3389
3402 3397 3390
3404 3401 3403
3409 3403 3408
3414 3413 3412
3417 3420 3416
3422 3423 3420
3427 3426 3424
3429 3428 3428
3433 3433 3432
3440 3435 3433
3439 3438 3436
3442 3441 3440
3444 3442 3447
3447 3443 3444
3449 3446 3451
3452 3448 3455
3456 3453 3456
3459 3454 3457
3462 3456 3462
3465 3471 3466
3475 3473 3470
3477 3478 3473
3480 3480 3478
3484 3487 3482
3487 3491 3500
3492 3495 3499
3493 3496 3501
3506 3501 3505
3509 3505 3509
1 42
456 471 4622 4618 4616 4605 4612 4617 4621 3075 3070 3060 3062 3066 3070 1346 1344 1342 1341 1337 1335 1333 1331 1312 1332 1334 1338 1341 2727 2722 2706 2713 2716 2718 2720 2725 2806 2802 2801 2797 2792 2790
2 19
3980 3979 3975 3973 3144 3134 3144 3149 3118 3113 3676 2721 2008 1299 1319 1323 2366 2364 2366
3975 3970 3968 3959 195 193 199 202 4994 4983 2720 2713 2729 1300 2529 2549 2361 2350 2363
7 1
272
266
284
886
885
898
899
19 2
591 602
607 603
610 604
614 609
858 866
856 864
4998 5001
4990 5006
5007 5012
5008 5013
862 877
854 874
873 878
876 878
880 883
698 699
694 703
697 3626
824 3612
29 3
2900 2881 2900
1530 2898 1842
1526 562 1828
1521 1532 4183
2620 2634 4188
2634 2221 4192
2224 2217 2227
983 2233 2236
981 1001 1002
990 1004 1003
2174 2186 1544
2172 2171 1540
2176 2191 1547
4109 4128 1551
4107 4120 4136
4125 4121 533
4863 4870 531
4870 528 513
4535 4519 515
357 2797 517
356 2783 2801
376 2794 2802
3614 3617 3621
3622 3626 3624
3627 3629 1390
2205 1392 1387
2201 1379 1371
2185 2607 2595
2197 2609 2605
2 6
1433 3895 1482 2625 2291 2295
371 3823 1465 2616 2631 2297
23 8
3731 3727 3726 4795 4793 4799 4802 3202
3730 3727 3723 4793 4790 4784 3203 3187
3726 3722 3721 4895 4794 4793 2681 3205
1531 3721 3718 4889 4900 4796 2690 3209
1522 1538 3733 4892 4896 3050 2691 3210
1542 1543 4900 4895 3038 3037 3057 3058
1546 4907 4902 4899 3039 3039 3058 1314
2329 2329 4906 2615 3040 1316 1309 1312
2328 2327 2306 2610 2614 1296 1307 1310
2327 2323 2305 2321 2325 1297 1309 1311
2330 2327 2308 2324 2329 683 1311 1312
2331 2332 2313 676 681 680 685 4273
2336 2337 672 670 676 679 681 4272
2337 1145 1141 686 679 681 4277 4271
1155 1152 1140 1160 1164 4278 4273 4269
1158 1152 1148 1165 4089 4086 4270 4265
4122 1720 1149 4089 4086 4081 4273 4258
4121 1718 1720 4549 4536 4069 2668 2652
4109 1713 1729 4547 4530 4535 4536 2660
4128 1719 1721 4271 4543 4548 4553 4824
4133 2897 4577 4269 4286 4551 4824 4821
2905 2886 4571 626 628 633 4812 4803
2909 2891 4586 638 630 635 4815 4813
35 9
4163 4165 4167 4909 4904 4897 4900 2404 2389
4160 4162 4164 4910 4909 4906 2393 2392 2391
4157 4161 4171 3884 3883 4908 2398 2395 2396
4149 4165 4166 4168 3880 3883 3886 2402 2399
4157 4160 3880 3878 3876 3881 3884 3886 2400
2946 2949 3875 3873 3875 3880 276 278 286
2945 2946 3867 3864 436 275 275 280 284
2942 2926 2945 433 424 259 272 273 289
2946 2938 2947 436 435 278 275 278 282
2950 3517 3516 439 438 441 279 99 101
3516 3515 3514 3519 3514 3519 3520 98 100
4370 3518 3513 3503 3513 2656 98 97 100
4366 4372 3508 3499 3511 2655 95 93 98
4367 2656 2651 2649 2651 2652 90 74 85
1809 1823 2656 2636 2639 2109 2106 2095 2104
1814 1826 2655 2651 2654 2105 2100 2099 2103
1819 1831 3960 3953 3962 2107 2105 2100 2104
74 73 71 3969 3972 3974 2106 2101 2106
77 76 75 3972 3974 2113 2108 2104 2111
81 81 76 3973 3975 2980 2980 2373 2372
83 82 81 465 2978 2976 2977 2369 2369
87 2562 469 463 468 2965 2981 2368 2367
2561 2560 2558 466 469 2972 2371 2369 2366
2558 2556 2554 2971 295 2358 2355 2352 2347
3723 3724 2549 2967 284 4885 2360 2359 2354
3721 3713 2546 2962 2981 4877 4893 2362 2358
3724 3719 2554 2982 2566 4895 4897 4902 4903
928 2559 2555 2558 2562 2564 2565 4907 4904
923 918 912 904 906 908 911 916 920
918 914 911 894 898 913 912 917 924
919 917 914 913 915 919 913 920 925
922 921 918 916 932 933 934 932 927
928 923 924 926 929 932 936 935 928
931 927 930 931 931 935 940 944 931
937 932 937 934 934 938 940 942 944
1 13
3542 3547 3551 3556 3561 3566 3570 3572 3574 3577 3580 3582 3586
100 100
92 88 76 71 68 67 62 56 58 41 43 40 36 32 29 27 22 19 21 20 15 11 13 14 17 19 20 21 22 23 38 43 45 46 57 53 53 60 63 68 73 77 81 84 90 95 99 103 104 118 121 124 128 136 135 136 143 147 152 153 151 152 157 160 164 169 209 205 204 191 188 184 181 173 174 179 186 145 141 139 134 138 141 162 161 165 156 154 152 150 154 155 151 135 133 132 131 135 142 146
86 86 84 72 67 64 59 55 53 40 39 35 34 29 28 23 21 17 16 15 13 0 6 10 14 17 24 24 23 32 34 38 42 45 47 52 52 56 60 61 75 76 82 85 88 93 94 96 100 113 118 120 123 128 130 134 141 146 148 149 150 151 156 159 160 163 189 194 199 201 184 181 177 172 173 180 181 186 190 136 133 135 137 159 158 160 153 152 150 147 152 146 150 134 128 124 130 140 138 145
85 87 83 78 68 67 61 51 48 47 44 36 38 33 29 30 26 18 19 18 16 7 9 13 15 16 21 22 24 29 30 34 39 41 43 48 50 55 61 58 79 66 70 71 92 96 97 101 106 111 113 118 120 123 125 128 137 139 148 154 156 153 158 184 185 190 188 193 198 200 181 180 176 170 173 178 189 184 186 135 128 124 123 159 156 157 152 149 148 145 143 145 148 132 127 123 128 129 136 141
84 83 78 76 74 69 59 57 53 50 47 52 42 36 35 30 28 32 27 23 17 19 20 23 24 18 23 27 27 34 35 39 40 44 44 52 52 54 55 56 58 61 64 65 96 98 98 105 108 115 116 119 121 126 130 133 136 140 147 149 152 175 175 181 183 186 186 191 193 163 176 175 173 169 170 175 184 181 181 132 127 120 121 125 155 160 151 148 143 141 138 143 145 125 123 118 119 127 131 136
87 88 81 81 75 73 62 59 55 51 52 53 46 36 32 31 33 35 32 27 21 24 26 31 35 36 39 44 29 32 33 36 38 39 44 58 53 56 60 62 66 64 66 67 72 81 100 87 92 93 95 96 100 104 107 137 139 140 142 144 156 172 171 176 179 182 184 189 198 162 156 158 168 167 165 170 171 179 180 130 123 119 123 151 152 155 150 145 142 140 136 140 144 116 114 116 121 124 128 140
96 93 83 85 77 75 67 62 60 55 57 60 71 41 34 33 35 35 30 29 22 25 28 35 36 40 43 36 34 36 39 38 39 41 44 56 55 58 59 61 62 63 85 71 74 78 82 86 87 95 97 100 104 109 112 139 143 144 147 151 154 167 168 171 177 180 187 186 193 157 155 154 168 164 161 166 169 174 179 129 123 117 118 150 148 150 149 140 136 132 131 136 137 115 113 111 115 120 123 139
99 94 88 86 81 80 71 62 60 56 60 63 68 70 39 37 39 36 33 30 33 28 30 32 37 45 48 53 37 39 41 44 44 42 46 59 56 61 62 67 72 75 80 85 89 101 87 91 91 96 106 103 107 114 142 140 142 149 149 153 158 164 166 173 172 176 182 183 188 156 151 150 152 162 160 161 173 129 132 126 118 113 153 149 147 145 144 139 133 133 129 131 132 133 111 110 112 116 119 137
102 95 92 94 83 85 70 65 63 69 64 67 70 74 45 40 40 40 38 39 40 32 32 33 38 49 49 63 68 40 44 49 50 52 66 63 65 69 65 66 75 77 80 88 92 96 101 103 105 108 113 106 111 115 145 143 146 150 151 156 161 162 166 168 171 173 177 182 186 152 153 149 148 150 156 158 163 128 127 123 119 111 116 151 132 143 141 138 132 131 127 129 131 112 106 107 126 131 130 135
107 100 97 95 97 89 73 68 68 68 66 69 74 79 46 45 45 42 39 41 43 38 37 38 39 51 55 58 61 66 68 73 53 55 65 64 66 70 66 68 69 80 85 87 88 98 102 105 106 108 112 114 118 121 147 147 158 153 152 157 165 166 170 171 175 175 176 169 154 151 149 147 143 148 153 155 135 125 122 121 114 109 112 130 128 122 136 134 129 128 125 126 114 109 105 109 123 127 125 123
108 103 102 99 86 83 81 78 73 74 69 74 75 79 82 48 46 46 47 45 48 53 39 40 45 48 52 57 61 62 63 78 54 59 71 67 72 73 71 69 70 74 79 89 93 102 103 107 108 111 117 119 122 124 128 150 163 156 153 156 161 170 171 176 181 177 172 164 168 146 145 141 138 140 154 122 132 122 118 116 111 108 111 119 124 120 139 130 126 123 121 124 128 104 100 104 120 125 124 119
113 107 103 103 93 92 89 81 78 80 74 77 80 80 85 86 87 66 64 49 50 57 44 42 49 49 51 59 63 65 66 68 72 64 72 72 74 76 73 70 72 75 80 90 96 98 107 110 118 116 120 121 133 125 130 151 152 160 156 161 180 178 176 178 179 172 168 163 168 144 139 138 136 138 143 121 128 114 113 111 106 105 106 114 112 115 134 128 122 121 116 121 122 102 99 109 116 119 119 115
113 112 96 93 89 87 86 81 80 82 77 83 81 82 86 88 80 64 63 58 55 57 61 53 51 50 51 62 64 68 67 72 86 90 91 74 79 84 118 114 119 80 83 91 97 114 112 114 123 118 121 126 130 133 135 154 167 163 159 164 169 183 178 182 173 169 166 161 162 141 137 139 135 137 122 119 123 113 110 107 106 102 98 111 109 112 130 127 121 116 115 117 110 104 98 107 112 115 114 114
115 102 98 95 91 88 87 86 83 85 88 87 83 84 89 79 75 70 68 63 60 62 64 68 53 51 54 55 59 64 79 81 82 85 89 92 97 105 115 113 117 122 125 126 131 136 115 116 119 120 126 130 134 137 142 144 168 167 163 164 187 181 176 162 165 166 163 160 141 139 135 137 134 136 139 116 114 110 108 103 101 98 96 106 104 110 126 123 115 113 112 112 108 101 93 105 102 109 111 113
118 95 94 93 91 90 90 87 84 85 93 89 84 88 90 83 78 74 72 65 64 66 66 68 57 53 58 60 63 73 77 80 81 82 83 84 94 100 104 109 110 112 130 131 132 133 136 120 121 121 135 133 136 140 147 145 173 170 166 186 182 177 172 161 160 162 158 157 150 134 133 132 133 131 135 113 112 108 104 102 96 97 91 93 101 106 120 118 110 112 111 109 104 100 92 102 100 108 110 112
130 125 99 94 92 93 93 92 88 97 94 93 89 89 88 85 81 79 75 68 65 70 67 70 73 56 60 64 65 69 73 77 86 86 87 88 93 96 101 104 108 113 116 120 133 137 140 125 125 129 140 138 197 191 151 153 180 173 175 176 176 173 169 164 157 155 149 152 147 148 136 131 129 128 132 135 115 112 103 99 95 94 89 94 98 99 119 114 108 113 108 105 108 96 89 100 95 105 108 112
127 123 120 115 110 108 99 94 95 97 95 94 93 96 92 87 84 81 77 73 78 76 75 71 74 77 89 91 68 70 78 82 88 90 92 93 98 99 104 108 113 117 118 122 134 136 139 142 127 129 131 197 194 189 194 180 177 175 174 171 169 167 162 161 156 153 148 147 142 144 128 127 125 126 130 131 105 99 99 92 90 89 87 92 94 103 116 112 107 104 109 103 93 91 87 89 94 101 104 108
128 127 111 110 106 103 102 97 100 108 104 99 103 92 91 89 87 85 82 75 81 81 78 74 76 80 85 88 93 98 83 86 87 89 94 97 100 102 107 109 115 120 125 119 139 139 142 144 132 137 199 196 192 188 195 197 181 179 176 175 172 170 169 164 161 148 145 143 141 144 134 129 124 123 125 126 100 98 95 92 88 87 86 90 93 99 111 110 106 100 104 99 89 87 86 91 93 97 102 107
130 134 116 114 109 104 99 98 103 113 106 104 98 96 95 90 91 90 80 76 85 80 79 78 80 84 86 91 94 99 84 88 90 92 94 97 98 102 103 106 108 113 117 118 123 128 146 148 135 196 194 191 185 187 190 195 200 180 180 179 182 174 157 156 151 147 144 141 140 141 130 127 121 122 123 125 128 101 97 95 92 89 84 96 89 94 110 106 102 99 95 97 93 89 84 88 90 101 97 98
134 135 137 116 108 105 104 101 102 110 107 105 102 101 97 97 92 92 80 78 79 87 84 83 88 87 89 90 99 104 86 90 97 95 99 101 101 106 106 111 109 110 114 117 121 126 130 165 195 191 188 188 183 183 188 197 198 168 165 181 171 155 153 151 147 143 142 140 139 138 128 123 118 118 121 123 106 108 96 93 90 87 80 91 87 88 106 102 97 94 92 98 97 83 79 80 101 97 96 93
138 140 141 117 113 110 108 102 104 107 108 107 105 102 103 101 93 95 85 82 81 90 88 87 91 88 91 95 103 91 90 93 95 96 98 102 104 107 108 110 110 113 114 115 120 121 160 162 188 186 183 181 182 179 184 174 176 164 162 162 166 157 152 150 147 145 144 140 135 133 132 121 117 113 113 109 101 99 110 90 87 83 79 89 85 88 90 95 92 91 88 93 95 78 75 79 76 95 93 89
143 148 144 122 118 111 109 103 108 113 111 112 109 110 107 102 95 97 89 87 84 93 92 89 95 98 93 98 107 96 93 95 99 101 102 107 114 118 115 117 112 114 118 120 125 128 156 160 164 188 183 178 177 175 174 172 172 164 161 160 161 158 152 146 145 141 139 134 134 129 127 130 116 112 110 106 99 97 105 85 80 79 75 76 80 84 87 73 72 86 83 86 87 77 72 73 72 78 89 86
147 146 145 148 120 113 109 108 111 115 116 113 112 116 105 104 99 102 90 90 85 97 96 101 100 100 95 99 100 103 95 97 103 105 107 108 109 113 114 116 121 126 128 131 136 158 155 158 162 163 180 177 173 172 171 170 167 163 160 156 156 155 151 144 143 137 136 131 127 125 123 128 128 117 107 103 98 96 100 81 78 77 73 73 78 82 85 67 69 72 78 78 70 74 70 72 69 74 84 85
153 149 146 149 150 116 111 113 118 117 115 114 117 108 107 105 103 105 109 108 103 102 99 103 104 98 96 101 105 105 108 102 103 107 110 114 111 117 119 117 118 119 130 133 134 154 153 158 160 159 183 178 177 176 175 173 169 158 156 153 151 150 147 142 138 134 129 127 126 124 122 124 126 102 99 95 93 91 93 79 76 75 72 71 74 81 65 62 64 69 74 75 66 67 66 67 66 71 83 80
157 152 154 151 153 155 115 134 121 120 118 116 120 116 111 109 111 108 110 107 104 104 103 105 106 100 99 104 108 107 109 104 109 112 114 119 116 121 124 122 123 126 127 132 137 150 148 146 150 154 159 179 180 149 144 138 136 131 159 156 155 136 142 138 134 131 127 126 122 119 120 124 105 101 98 97 96 90 95 77 72 71 71 68 72 76 63 59 62 48 50 63 62 61 65 61 64 67 82 77
162 156 155 152 154 140 135 130 128 123 122 117 122 119 112 112 114 117 111 108 108 111 112 110 106 101 100 104 112 110 123 109 114 115 115 119 122 127 139 123 128 129 129 130 132 148 147 142 147 151 155 157 161 143 140 136 133 130 131 132 134 132 137 135 131 127 125 124 119 118 115 110 109 100 95 92 94 85 87 72 71 70 70 65 69 64 63 58 58 47 50 55 59 58 60 59 63 66 71 75
161 159 158 153 158 140 138 134 130 125 124 120 127 122 115 114 119 121 115 110 109 111 113 112 107 102 105 119 116 118 121 125 129 134 137 140 141 144 135 134 133 134 130 132 136 145 138 137 140 119 124 123 125 141 139 137 132 129 129 128 123 128 131 135 131 129 126 125 121 115 111 107 106 96 94 89 89 84 85 72 69 68 69 63 58 61 56 55 54 46 51 52 53 56 56 58 60 65 68 73
165 164 163 165 157 153 142 137 134 129 126 123 131 126 121 118 120 123 120 114 110 112 114 111 109 106 108 121 120 120 122 126 132 137 139 143 148 149 153 139 134 137 132 136 138 141 134 133 137 114 117 121 124 117 141 136 130 127 126 125 121 126 128 131 128 124 122 120 117 113 110 105 101 96 89 86 85 79 84 88 70 65 67 62 56 54 53 50 49 44 45 50 50 52 53 55 59 60 65 70
170 168 166 159 155 152 147 142 139 134 131 128 130 127 122 119 124 122 118 116 113 114 116 112 112 108 113 131 128 125 125 129 133 140 146 144 148 149 150 162 170 139 135 133 134 137 134 131 134 112 115 120 119 113 136 131 128 126 125 122 117 120 135 132 129 128 126 122 118 115 111 106 93 92 88 84 81 77 71 73 66 64 67 61 52 49 46 45 45 40 45 46 47 39 48 48 42 64 55 60
170 166 162 161 157 155 148 145 150 135 134 133 130 128 127 121 125 129 122 118 116 115 120 114 113 148 145 131 130 127 127 131 136 147 148 148 150 151 156 161 166 137 133 131 130 123 124 126 130 111 112 118 114 111 112 126 124 123 117 116 112 114 114 133 131 128 127 127 92 116 104 103 98 94 92 87 77 74 69 69 63 62 59 56 53 50 43 40 37 38 29 33 35 37 44 45 41 50 51 55
172 168 165 163 159 155 153 150 154 137 136 138 137 133 129 122 127 130 126 121 120 117 118 116 117 145 140 138 133 134 130 135 139 144 149 151 153 154 159 163 167 169 129 127 126 122 120 121 122 110 118 113 109 107 111 112 123 121 116 112 108 113 111 114 117 98 96 92 91 104 103 102 100 96 93 77 73 70 67 64 62 59 56 53 50 43 47 39 36 37 28 32 31 36 39 42 40 45 47 51
174 175 170 168 165 162 157 160 155 159 141 141 138 136 131 132 129 135 132 127 125 119 120 122 120 121 145 142 135 139 134 136 142 145 147 152 170 165 162 165 168 126 119 127 125 120 117 121 110 105 102 105 107 105 106 110 114 113 109 109 106 104 107 112 112 114 97 95 90 107 106 105 105 91 86 75 72 68 65 62 61 58 55 50 45 42 43 36 33 35 24 28 29 30 35 36 38 42 44 48
185 182 177 168 167 163 158 160 158 148 144 145 142 139 136 140 130 136 136 130 127 123 124 125 125 154 151 147 139 143 139 140 143 149 152 155 170 166 164 165 124 122 118 115 110 120 116 121 107 103 101 102 97 103 93 96 97 112 108 107 102 101 103 105 108 97 92 88 86 111 109 109 92 90 83 82 78 68 67 66 62 61 54 49 41 41 39 35 30 34 22 23 34 35 30 35 37 39 48 53
182 177 173 172 171 165 163 168 170 175 148 150 148 146 141 143 148 139 142 133 129 128 127 128 129 153 152 149 144 143 142 146 159 154 156 140 141 137 165 170 122 118 115 110 108 103 112 107 105 101 97 97 96 100 91 92 95 109 105 103 99 97 99 102 107 92 88 83 81 76 73 72 90 87 83 81 77 75 70 71 54 53 48 45 40 35 33 30 27 30 21 20 25 26 29 33 36 41 60 58
195 180 182 179 176 171 167 169 170 173 182 155 152 149 144 147 151 142 144 148 131 139 138 134 130 156 155 153 149 147 145 150 163 155 137 136 138 136 139 140 144 107 106 105 103 102 108 105 104 100 96 92 91 96 89 86 85 106 103 96 99 94 96 88 90 87 82 81 77 77 78 70 70 71 84 87 82 78 75 67 48 45 43 41 38 34 32 29 25 20 18 16 20 23 27 30 35 37 56 63
194 186 184 182 180 173 170 174 175 177 178 183 152 150 146 150 154 151 148 151 162 146 142 138 133 160 158 156 154 152 148 150 154 143 134 131 133 132 137 137 148 110 108 103 101 98 99 107 102 97 94 90 89 90 86 85 84 99 98 95 90 89 92 87 84 84 81 80 76 73 73 69 65 67 69 58 86 83 70 65 49 48 48 43 43 36 23 27 22 18 17 15 16 20 24 32 34 47 52 54
193 188 187 184 184 186 173 182 177 178 182 162 160 155 157 163 158 156 152 163 160 166 145 140 134 165 162 159 159 157 153 148 144 140 136 130 129 128 133 134 130 102 100 99 96 94 97 106 102 98 88 90 87 87 87 84 82 84 100 94 90 87 88 83 83 89 84 71 72 68 61 66 62 64 56 53 55 68 65 60 59 49 48 47 47 23 21 18 17 16 13 11 16 21 26 27 38 43 45 49
194 195 190 191 186 189 194 182 180 183 183 162 161 156 157 158 163 159 165 162 159 164 166 142 163 166 167 160 152 149 148 144 141 138 134 129 130 125 120 130 125 126 101 100 95 91 88 110 106 91 86 83 83 86 88 83 79 83 74 76 86 85 83 82 81 86 72 70 68 63 58 62 57 59 51 48 51 55 68 59 58 59 52 48 37 33 31 26 21 14 12 9 12 14 28 32 36 38 44 45
199 200 192 196 190 190 195 187 182 184 186 181 166 160 159 164 167 168 167 158 156 161 163 163 159 160 165 163 159 154 148 146 141 138 133 128 127 123 118 120 120 125 125 95 92 89 87 85 85 96 86 81 81 83 85 81 74 71 71 75 88 84 79 77 78 70 68 65 63 61 56 58 53 52 43 44 47 51 62 58 54 54 48 45 41 36 32 27 14 11 8 1 14 16 20 29 31 35 39 40
201 204 202 200 205 192 197 201 184 187 190 176 176 165 163 165 166 164 162 160 152 153 158 162 158 161 162 149 163 155 152 147 142 142 138 123 122 118 114 117 118 127 122 125 94 90 85 84 80 84 83 79 78 83 81 79 70 69 66 70 67 67 78 73 73 67 65 63 60 58 54 54 51 51 39 43 50 49 57 56 52 49 47 43 35 32 30 26 17 14 12 2 6 19 24 25 29 32 35 43
202 206 202 201 205 197 201 206 188 192 179 175 173 169 164 167 163 160 159 157 149 150 153 156 154 159 149 147 142 138 135 131 128 127 141 120 118 114 113 115 122 121 118 122 127 102 80 79 77 75 77 74 73 74 78 74 69 68 63 64 63 64 73 71 68 63 60 57 56 53 51 49 47 48 35 41 46 48 53 56 42 48 44 41 36 31 27 24 19 16 16 6 7 9 11 14 30 33 37 42
205 205 204 203 209 212 216 210 189 200 196 191 175 171 165 178 168 163 156 152 148 151 150 152 149 152 145 142 141 146 131 130 125 123 119 113 119 110 108 111 112 118 114 115 97 99 96 91 87 74 69 69 68 62 67 69 66 63 60 60 59 62 78 76 71 64 58 55 61 50 49 46 43 46 31 37 41 43 48 52 39 42 50 44 41 33 31 27 21 21 21 8 9 10 15 22 24 22 41 45
210 215 213 208 212 214 218 168 172 169 193 190 185 181 179 175 173 160 155 150 147 146 149 151 146 151 144 142 138 134 128 125 124 119 116 112 114 106 106 109 108 113 110 97 96 96 90 87 85 69 65 64 63 59 61 59 62 64 59 55 55 59 59 79 66 59 55 54 51 49 44 40 39 28 27 32 36 48 30 32 34 39 45 41 37 35 34 35 27 22 26 20 15 12 14 17 20 21 25 26
213 174 216 211 216 219 220 167 170 165 187 185 181 179 179 174 168 169 161 156 151 145 147 146 144 149 139 139 137 129 130 130 127 122 117 111 115 101 103 108 107 111 106 98 95 92 89 87 84 86 67 65 58 54 54 55 57 57 55 54 54 56 57 65 62 61 56 58 54 50 45 40 35 31 26 29 33 35 27 31 33 34 41 45 41 38 39 38 27 24 28 24 17 15 16 22 24 26 27 27
177 170 175 177 224 222 172 165 166 161 165 183 178 174 171 169 164 161 155 151 149 144 149 142 140 145 138 136 132 127 125 121 123 119 114 109 104 98 99 107 105 103 102 104 94 89 84 83 80 78 81 58 54 53 51 51 53 42 54 53 53 54 56 53 59 61 60 62 57 55 34 33 32 30 25 27 32 30 25 28 28 32 39 40 41 43 41 39 30 30 28 24 23 20 25 26 29 28 31 35
173 169 170 171 178 173 169 164 162 158 159 188 191 187 169 168 163 159 156 149 145 143 146 140 137 138 143 140 136 123 122 120 118 116 111 108 101 94 100 86 85 98 97 99 89 84 82 78 75 77 78 54 52 50 49 47 41 38 55 52 48 52 51 52 56 59 63 50 45 42 37 37 34 29 22 28 26 25 20 25 26 30 34 37 40 42 44 40 35 30 29 25 25 22 24 38 33 29 36 38
168 166 167 168 175 170 166 161 157 154 155 187 186 183 178 173 157 154 153 145 144 141 139 143 132 131 134 131 124 121 120 119 117 113 108 103 98 93 96 100 84 95 92 89 88 84 79 75 71 72 60 59 56 50 47 44 41 36 32 48 44 45 48 49 52 51 46 43 42 38 33 32 27 24 21 17 15 19 17 19 25 25 30 31 41 44 53 52 43 39 34 29 40 46 44 49 37 32 41 42
166 164 164 168 150 149 155 157 153 149 150 154 189 185 182 177 155 152 149 146 141 138 134 142 127 127 131 130 127 126 126 124 116 114 111 104 92 92 88 96 80 92 87 90 71 77 74 73 68 62 57 56 51 49 46 43 38 33 28 44 39 41 35 52 43 47 51 47 50 49 38 36 31 27 17 15 14 10 14 18 20 23 25 38 39 52 51 48 49 57 42 41 37 41 42 44 48 50 42 56
164 163 160 163 149 147 152 156 149 147 148 151 187 186 183 160 156 151 147 144 141 136 133 138 124 124 121 124 132 129 108 105 120 119 96 93 89 90 86 91 79 89 84 88 70 69 68 65 63 60 56 54 48 46 45 44 43 29 24 40 35 32 34 39 42 43 51 49 46 45 40 37 30 28 25 27 12 1 9 14 19 28 33 35 38 54 50 47 48 53 41 37 36 37 39 42 45 47 50 51
161 158 156 155 151 146 148 149 149 144 145 150 152 189 161 162 160 155 152 145 140 136 132 135 119 120 119 123 126 109 104 103 101 97 92 88 86 84 83 84 78 77 80 85 90 71 69 67 62 57 52 49 49 47 52 49 35 28 23 26 30 31 35 33 47 48 46 48 41 40 38 35 27 25 24 23 19 10 11 14 15 20 21 25 43 53 47 43 36 34 33 26 31 35 37 38 43 44 45 49
163 159 155 150 146 144 149 154 140 139 144 139 140 162 160 158 159 158 157 147 137 132 127 122 118 117 117 115 111 104 100 99 97 93 89 85 83 78 78 79 74 76 77 81 82 83 77 76 59 56 51 47 44 38 31 37 34 23 21 23 25 25 27 29 30 41 45 47 46 43 35 33 28 23 19 15 1 8 12 13 16 21 27 29 53 48 43 39 34 33 30 24 29 32 36 40 47 45 47 50
168 158 157 153 146 143 143 141 140 134 133 137 142 147 159 157 155 159 159 132 128 126 123 119 113 112 116 113 108 106 105 99 94 91 87 83 80 77 73 68 73 75 74 75 84 80 75 75 66 60 40 40 39 37 29 27 29 21 18 22 20 23 25 26 32 39 44 48 46 44 39 34 31 22 20 12 10 12 15 15 19 20 22 25 28 52 44 35 32 31 26 23 28 31 36 27 27 30 52 55
162 162 160 149 145 142 138 136 135 132 131 132 135 118 119 118 150 155 134 130 127 123 119 114 112 110 107 101 107 104 101 99 98 93 82 80 79 74 71 66 69 71 72 58 64 75 72 70 65 40 39 37 35 32 28 25 24 19 15 17 19 21 24 25 31 35 39 42 47 45 42 37 28 25 24 19 15 16 18 18 23 28 24 26 31 28 44 43 38 35 23 22 18 19 17 22 26 30 28 31
158 157 152 150 145 149 151 137 136 133 128 122 123 115 116 117 146 133 133 129 126 125 122 115 110 108 103 98 106 103 99 93 76 71 71 65 72 71 67 64 68 74 55 54 59 72 68 69 64 59 42 35 37 34 32 21 19 20 12 16 8 23 18 20 26 31 33 34 51 48 45 40 43 23 21 18 16 19 23 20 28 30 31 28 28 26 23 23 20 21 18 19 14 15 16 19 21 25 27 28
154 148 150 148 144 146 147 154 137 124 123 120 113 110 113 114 142 131 130 127 122 121 118 115 113 104 100 97 100 98 95 91 69 67 66 64 61 57 62 60 55 61 55 52 56 70 65 64 59 55 39 34 33 30 26 22 17 15 10 14 7 11 17 25 25 27 30 35 57 54 49 41 43 26 24 22 20 24 27 21 24 29 32 27 24 22 20 19 15 11 1 7 11 12 15 19 24 29 33 35
150 146 146 138 141 144 146 150 124 122 120 115 112 109 112 140 137 129 125 124 121 117 116 112 110 112 98 95 97 91 90 89 80 78 77 62 57 55 57 55 51 56 52 48 52 54 61 59 56 51 48 45 40 35 29 11 10 8 0 5 6 10 15 20 23 25 41 38 59 57 51 41 38 37 32 29 25 30 29 24 29 31 33 36 28 27 26 23 19 4 3 12 13 15 18 20 21 26 30 34
148 144 142 137 140 142 147 150 115 113 111 107 102 104 108 105 132 128 124 123 122 119 121 106 105 97 95 93 94 90 89 86 82 77 76 81 57 54 52 51 49 50 48 46 48 51 55 60 57 54 50 48 41 36 13 10 8 4 1 6 7 12 16 24 25 29 44 43 61 58 54 50 42 40 36 33 29 32 35 28 31 33 35 43 40 38 36 35 32 26 5 16 16 16 21 22 26 29 34 35
144 141 134 132 135 140 143 148 150 115 110 105 101 99 104 100 96 91 125 124 124 121 107 105 102 98 94 90 89 87 83 82 79 75 71 67 65 52 51 50 46 48 51 41 43 47 48 63 60 57 56 52 56 21 16 15 12 6 6 8 10 11 28 26 31 36 37 47 48 60 50 47 43 40 35 34 39 37 37 36 34 34 43 40 37 33 32 31 27 24 23 21 23 20 24 32 28 32 37 39
143 139 135 130 131 134 148 152 153 107 104 102 99 94 99 96 92 88 88 85 88 137 132 107 105 101 99 91 93 88 86 85 69 68 69 64 64 59 49 48 45 48 50 37 40 43 47 50 63 62 61 56 60 22 20 20 13 8 7 12 15 20 31 30 34 38 43 49 59 58 57 52 45 41 42 37 42 40 42 40 35 39 46 57 40 41 37 33 32 29 24 26 28 22 38 34 31 32 38 41
128 127 133 128 131 131 130 133 93 106 102 100 98 93 95 93 89 87 84 80 83 133 130 127 125 119 82 80 77 76 75 72 67 64 62 59 53 55 50 47 41 45 37 34 38 41 46 47 58 63 60 57 60 23 21 25 17 10 8 13 19 20 35 37 36 39 51 53 64 63 56 55 46 45 44 39 41 43 48 50 36 41 57 53 48 43 40 36 34 31 35 36 32 40 38 36 36 40 39 44
130 124 122 126 124 128 128 96 92 93 105 102 94 91 92 89 86 83 80 75 79 84 126 123 121 116 110 109 90 87 86 68 64 61 58 55 52 51 47 42 40 35 36 33 34 39 42 43 53 56 65 61 64 25 23 19 15 12 12 15 16 20 40 42 41 45 47 51 72 70 59 54 50 48 45 43 44 48 52 63 62 59 57 55 50 45 48 46 35 32 34 37 37 44 42 37 41 43 42 47
129 122 118 121 120 124 127 130 90 86 82 81 86 88 89 70 79 75 74 72 77 128 125 116 116 112 108 105 89 88 85 82 64 63 54 53 48 48 40 37 36 32 30 32 33 41 44 55 51 54 59 57 61 31 20 19 16 16 15 19 24 26 29 33 44 47 51 55 67 66 60 56 52 49 46 48 49 51 55 71 67 64 62 57 51 50 47 42 39 34 37 39 40 46 44 39 42 46 48 48
125 120 113 116 119 124 90 91 85 82 79 77 81 83 68 68 74 72 72 71 76 123 120 115 113 111 106 102 88 88 85 77 80 62 58 51 47 46 41 36 31 29 25 29 32 46 43 51 49 52 54 54 56 29 24 20 34 29 25 22 29 29 41 45 49 50 54 60 64 61 59 56 55 56 49 49 52 53 79 75 69 68 64 62 52 50 48 45 41 38 40 41 54 51 52 40 46 50 51 52
118 116 111 113 114 109 88 86 83 77 73 74 65 63 66 64 58 71 70 68 73 74 116 112 111 108 105 101 86 85 80 76 61 57 56 54 52 50 34 33 30 26 20 24 26 32 38 50 46 47 51 53 55 58 24 23 27 31 28 23 26 33 37 42 45 49 54 65 64 62 61 61 56 57 56 53 58 86 83 86 83 81 68 67 68 49 44 43 42 44 41 46 47 54 54 56 55 58 54 58
117 113 110 111 103 108 110 112 81 76 71 69 64 60 60 60 56 59 60 63 65 67 107 106 105 104 102 100 83 79 77 72 67 63 58 56 54 56 50 29 27 24 18 22 31 29 34 46 42 43 46 58 59 30 27 26 37 35 30 25 26 28 32 37 38 47 59 81 65 67 72 64 63 61 61 58 88 84 79 80 79 80 63 64 72 54 49 44 47 48 45 47 50 52 57 59 50 47 53 56
114 111 106 99 100 104 108 111 113 80 83 64 62 59 58 56 55 57 56 59 63 67 72 111 105 102 100 95 95 86 82 75 66 65 59 54 52 54 49 25 22 19 16 12 26 28 33 33 38 40 41 45 47 46 28 29 61 39 29 28 29 31 37 42 43 46 50 78 79 82 70 69 68 64 89 85 83 82 78 71 74 67 62 63 68 54 51 49 51 53 47 52 55 56 38 51 47 44 48 51
113 106 103 98 98 102 106 89 115 81 80 79 78 71 57 56 54 53 51 54 71 71 69 103 104 100 95 90 93 95 71 68 64 61 57 55 51 46 47 21 19 14 12 9 24 28 28 31 36 37 39 40 42 43 48 54 59 36 34 31 36 34 47 46 48 51 78 76 72 71 73 78 72 76 86 83 82 78 74 70 69 64 60 59 64 52 52 53 39 40 51 55 34 39 36 41 41 39 41 46
111 111 97 96 96 98 83 88 82 80 79 77 76 70 74 61 56 51 48 50 69 66 67 98 94 92 87 86 91 85 76 71 66 55 51 50 47 43 42 14 13 12 7 4 19 23 24 28 39 38 40 43 43 48 49 53 54 58 36 33 35 40 45 51 49 53 58 71 68 66 69 75 71 71 76 83 81 79 75 72 74 64 59 57 55 50 42 39 34 38 41 38 33 35 34 38 41 35 39 44
109 106 99 94 94 95 79 84 81 86 70 76 73 68 70 75 52 48 45 48 65 63 65 93 91 89 84 82 89 84 85 69 63 61 55 52 52 43 39 15 11 7 5 1 15 17 27 30 31 42 44 45 48 51 51 57 62 65 37 34 36 44 58 55 50 55 58 72 67 64 68 70 67 68 72 74 84 80 76 69 64 59 58 54 50 45 46 35 30 29 30 29 30 34 32 33 39 34 36 39
105 101 97 93 92 91 78 82 79 69 66 73 69 65 69 49 48 45 42 44 49 59 61 90 86 84 79 77 77 81 74 66 61 59 55 42 41 39 36 30 25 17 16 12 18 20 24 35 40 41 52 55 50 53 57 61 66 66 39 43 44 47 52 59 57 63 62 63 61 59 61 65 62 66 70 72 68 72 74 71 66 61 50 49 45 44 41 41 26 25 27 26 27 31 27 31 25 32 31 34
97 96 92 90 87 90 77 79 76 85 63 62 66 61 67 61 46 43 38 41 48 56 58 62 61 86 78 76 75 79 70 60 56 54 53 40 39 36 31 26 23 21 18 16 21 28 29 37 45 49 51 52 53 54 60 63 70 71 40 44 49 49 54 51 55 58 55 62 62 57 61 60 61 63 67 60 64 68 69 68 63 59 56 54 43 40 39 36 27 22 18 22 13 15 22 27 23 26 26 27
103 100 93 86 83 76 75 78 75 80 61 60 60 58 62 59 63 43 36 47 44 52 55 57 57 76 74 72 70 67 68 56 54 52 50 47 42 40 33 30 27 26 20 17 19 24 26 28 49 53 54 56 59 63 67 71 72 54 41 48 57 55 53 48 51 56 54 59 56 52 53 55 57 61 64 58 60 61 67 64 60 58 56 45 41 36 34 32 34 18 17 20 11 17 21 25 21 23 24 34
83 82 79 81 78 73 70 71 70 61 63 58 57 56 55 58 41 40 31 44 41 47 52 53 55 63 76 72 67 65 63 62 58 53 54 48 44 42 40 37 32 27 23 19 20 26 31 35 50 55 59 57 63 64 72 73 56 51 53 55 53 52 50 47 38 44 49 52 54 51 52 59 63 52 53 56 57 59 69 63 61 58 55 47 44 40 31 28 26 20 13 15 10 15 20 22 19 23 31 31
82 80 77 72 71 68 67 72 67 60 58 55 53 55 54 57 37 39 29 43 40 44 49 51 55 60 56 74 71 66 65 65 59 60 57 53 48 44 42 39 36 29 28 21 25 29 34 38 54 56 64 69 72 65 75 76 49 48 46 40 43 39 47 43 37 40 45 56 53 49 51 56 52 48 51 53 57 62 66 61 58 55 52 48 47 34 31 27 24 19 12 11 5 14 17 19 16 20 26 28
84 82 81 79 74 73 66 65 63 61 55 54 51 50 53 54 35 33 28 29 37 38 43 52 53 56 52 53 55 68 67 68 63 64 62 66 49 47 47 44 40 31 29 24 27 31 34 39 41 44 53 70 72 76 79 84 47 44 43 39 39 37 41 38 33 38 43 51 48 44 45 48 48 44 45 52 54 57 55 66 63 61 57 67 61 26 24 21 19 14 9 7 4 9 13 14 15 19 24 28
85 85 81 79 72 69 65 62 60 57 54 50 49 48 47 35 34 30 26 30 36 40 47 56 58 54 50 54 85 83 78 75 73 69 67 70 51 55 49 46 45 50 54 26 32 33 36 40 42 46 51 54 55 58 80 83 47 44 38 38 37 35 32 35 32 33 27 31 41 39 44 39 44 43 44 48 50 52 51 77 74 69 66 62 59 60 22 21 19 17 10 7 1 15 17 15 16 18 19 23
82 81 79 74 72 71 68 66 63 61 57 54 49 45 44 45 35 29 24 27 34 36 39 40 46 46 49 54 58 87 79 80 76 70 74 58 55 50 48 47 46 52 53 65 36 34 40 43 47 47 48 67 70 71 74 47 45 40 36 34 31 33 30 29 27 31 24 28 24 34 36 37 39 41 43 44 46 50 47 72 70 67 64 59 57 56 29 25 27 22 13 9 21 23 28 19 20 23 23 28
80 78 76 75 74 71 70 65 60 63 56 54 48 44 39 38 38 24 23 24 29 26 36 37 41 42 45 46 59 81 80 77 73 72 75 87 86 54 51 60 59 57 58 63 38 36 41 44 54 49 50 63 67 72 46 44 42 37 41 30 29 28 27 26 25 26 21 19 23 32 37 33 37 39 42 33 38 48 43 45 63 61 59 58 57 54 53 49 30 26 27 13 25 28 42 22 24 24 28 29
82 80 79 67 67 65 62 61 56 53 52 50 45 42 38 33 35 23 22 22 24 25 32 36 46 47 51 53 57 61 83 80 79 77 78 82 84 71 70 65 63 61 59 61 42 37 60 59 57 53 56 60 61 65 45 42 38 33 38 31 30 27 24 25 22 18 16 16 22 28 29 31 35 24 28 29 34 37 39 42 73 68 63 64 61 57 45 44 35 31 34 35 26 27 37 40 43 46 51 60
84 72 71 66 63 58 55 53 51 49 54 43 40 44 32 29 30 23 20 18 23 25 28 30 33 38 39 40 61 62 87 89 81 79 80 87 90 78 73 71 69 66 64 66 68 73 62 63 60 56 57 63 66 39 39 35 34 32 30 26 29 24 21 13 17 15 11 15 19 24 28 19 23 20 24 27 29 34 38 39 66 64 65 57 55 43 41 39 36 32 37 33 30 33 34 36 39 40 57 58
78 76 73 69 65 63 60 56 51 46 43 39 36 32 28 24 24 18 16 17 19 22 31 32 34 35 36 37 64 64 64 93 95 84 85 90 78 75 74 72 76 71 67 68 72 70 67 68 61 57 58 64 42 38 36 33 32 30 26 23 22 21 16 12 11 8 6 5 6 10 12 15 18 19 23 30 30 39 40 69 69 63 62 57 52 53 44 43 38 36 39 38 34 37 37 41 44 48 52 57
88 88 76 67 67 55 54 49 46 45 40 39 34 31 26 23 21 16 11 13 21 22 36 38 36 38 41 46 52 64 63 66 96 86 90 85 82 78 76 77 77 73 72 85 90 94 75 73 56 53 48 46 44 45 40 35 32 31 31 31 30 26 33 14 12 21 1 2 5 14 15 46 49 52 53 55 33 70 69 66 64 61 57 55 50 48 47 46 39 38 43 41 43 39 39 44 45 52 55 62
85 83 66 64 63 61 56 49 48 47 43 44 45 33 18 17 16 12 9 20 10 14 41 46 40 55 51 45 49 60 62 65 66 88 91 87 84 81 78 79 81 77 78 82 86 91 92 76 80 56 53 50 47 45 44 36 40 36 36 38 35 33 32 28 24 22 20 21 36 38 43 42 46 49 51 52 38 73 69 67 66 64 58 59 51 49 52 49 44 42 43 46 48 44 41 46 48 51 57 64
84 78 76 75 58 56 55 54 52 48 48 48 44 37 34 31 12 7 5 0 8 12 15 17 46 51 48 43 48 58 60 64 65 71 92 91 88 84 86 87 82 79 81 86 91 94 96 81 85 61 58 55 52 54 52 47 43 40 46 41 44 39 36 30 31 27 23 27 32 33 38 41 43 52 55 57 59 73 77 81 71 67 71 56 55 51 57 52 48 44 49 51 60 44 43 45 50 53 57 57
81 76 75 70 65 60 62 58 53 55 54 44 39 36 32 28 25 13 9 20 18 20 32 37 42 47 40 42 43 57 62 64 65 68 73 95 90 89 94 88 84 82 84 91 96 99 98 83 90 58 57 54 53 58 56 52 45 42 46 42 47 42 37 35 36 30 28 30 31 33 39 43 44 48 49 52 57 69 73 78 81 82 94 64 60 61 57 55 50 48 50 55 56 59 48 47 49 51 54 56
83 81 79 71 69 65 78 59 57 50 49 45 44 41 28 25 20 16 14 15 16 21 28 28 29 33 38 41 46 54 57 59 61 63 72 93 91 93 93 92 86 87 87 102 99 102 105 109 112 62 70 60 57 58 59 56 46 45 50 47 34 33 28 21 34 33 32 33 35 36 38 41 45 52 54 55 60 64 67 72 86 87 89 91 69 66 56 54 52 49 55 57 61 64 49 52 50 53 57 61
86 85 84 76 72 78 77 73 55 51 50 47 49 46 28 26 24 20 16 20 20 24 25 27 28 31 36 38 43 51 56 60 63 66 71 75 95 97 100 97 100 92 94 99 102 104 110 114 116 67 66 61 59 60 64 47 42 40 36 34 33 29 25 16 11 10 10 37 37 41 39 44 49 57 56 58 60 69 72 75 87 89 93 95 71 69 60 55 53 53 57 61 65 68 51 57 53 55 59 63
89 88 85 83 78 74 71 69 67 55 54 51 56 49 36 32 28 23 18 21 21 29 29 30 29 32 35 39 42 46 48 50 52 66 71 72 75 104 102 98 97 94 96 101 104 107 108 115 86 72 70 65 62 61 46 41 38 36 34 33 28 24 21 16 12 9 7 10 11 45 43 46 47 65 61 65 66 68 70 73 92 99 94 95 61 60 59 57 55 54 60 62 70 72 52 61 56 56 60 61
89 84 87 86 78 73 69 66 62 60 56 54 57 41 38 34 32 24 21 22 27 31 38 35 32 35 37 40 46 51 53 56 58 63 68 70 75 109 107 109 111 97 98 104 109 110 89 85 81 76 74 77 78 65 51 42 43 41 37 38 31 26 26 21 7 5 4 8 13 15 44 48 49 50 63 67 70 71 74 76 80 83 97 99 67 63 63 62 60 55 63 68 77 76 80 83 57 58 61 66
86 81 78 76 73 72 71 70 65 65 62 57 45 44 40 39 34 36 38 23 30 34 42 38 36 38 42 43 47 51 52 54 56 64 72 73 76 78 111 116 119 115 112 107 112 117 88 86 82 81 77 78 82 131 123 121 51 46 43 38 35 30 28 24 20 15 1 16 19 44 39 42 46 48 65 72 60 83 79 80 84 85 100 54 72 62 61 67 71 58 66 82 81 77 79 81 83 84 66 67
88 84 84 83 81 77 76 74 69 66 63 60 49 47 42 42 36 37 40 26 33 38 47 41 38 43 47 52 55 56 57 56 59 78 76 81 86 94 112 119 124 121 116 111 117 122 89 86 84 82 84 81 132 130 125 120 57 56 55 53 48 46 44 28 23 22 19 22 26 31 34 35 42 52 55 60 59 61 65 71 74 79 53 50 62 60 59 64 67 68 72 89 84 82 82 85 85 70 67 70
93 88 85 87 85 81 77 72 71 67 67 62 52 50 47 45 47 49 45 50 54 49 48 45 40 42 43 48 53 54 58 60 65 81 78 86 90 91 93 107 124 121 120 112 119 126 130 87 85 86 138 137 136 118 116 115 117 60 52 51 50 45 41 37 33 26 21 25 27 30 31 33 39 47 52 55 56 59 63 68 73 74 79 48 56 58 57 62 64 68 71 82 85 90 87 86 87 73 69 73
96 90 86 88 87 85 80 75 73 71 68 64 56 52 49 48 51 54 50 52 59 55 52 50 42 43 47 52 54 57 58 63 70 92 89 88 92 93 97 105 107 122 121 125 121 127 132 136 137 145 140 120 119 115 113 111 115 63 62 47 46 42 38 35 30 29 24 29 32 35 32 35 38 42 47 50 60 60 61 71 75 39 42 46 52 56 56 57 62 67 70 77 79 80 88 93 95 78 71 76
98 96 91 97 92 86 82 77 76 73 72 67 61 61 60 59 54 59 55 60 60 57 57 54 46 44 48 56 57 61 66 67 71 96 94 91 94 94 98 102 107 127 122 125 126 130 137 140 138 147 144 118 115 113 112 109 62 61 58 56 52 48 40 35 32 31 26 32 34 39 34 38 39 47 51 55 60 62 30 34 39 37 40 42 47 52 54 55 67 69 71 74 79 85 86 89 99 74 73 77
103 100 94 92 91 90 85 83 78 74 77 72 66 66 64 61 59 63 64 67 69 74 61 65 69 45 62 57 58 60 64 68 72 76 98 96 97 101 106 120 122 128 126 131 155 154 149 144 142 138 126 125 120 116 109 107 63 58 57 55 50 47 42 39 35 33 41 36 40 38 37 42 43 49 50 53 15 26 26 31 31 32 35 40 43 55 55 60 69 73 72 79 82 84 85 90 94 75 78 78
102 99 97 95 93 93 90 82 79 80 82 77 79 78 65 64 62 66 67 70 73 78 66 66 67 49 73 58 63 66 71 75 77 78 105 101 100 105 115 117 121 133 127 132 149 150 151 145 140 137 133 130 114 112 110 105 101 59 60 57 55 51 47 44 40 37 46 40 41 44 39 45 24 23 15 15 14 21 25 27 29 30 35 41 45 59 61 72 73 74 76 80 86 86 95 98 101 104 84 79
106 101 98 105 102 100 92 88 83 85 94 95 81 76 73 70 66 68 70 74 74 74 69 73 74 70 68 66 64 66 74 92 80 80 112 110 105 109 111 113 122 138 133 150 148 147 146 143 142 140 138 115 114 115 101 99 98 99 91 85 84 86 80 60 56 54 51 45 42 45 42 28 25 21 12 11 13 17 22 28 34 34 35 40 45 64 66 70 72 82 87 93 88 89 92 95 98 99 103 83
111 105 104 103 101 96 94 92 87 93 92 87 84 82 77 73 68 69 74 87 89 90 72 74 75 72 73 69 67 71 81 89 90 118 113 111 106 112 114 121 121 127 130 132 152 152 154 150 146 141 116 111 109 104 102 97 96 98 87 84 82 81 79 74 63 58 54 57 44 48 44 33 19 16 13 10 11 17 18 22 23 27 40 45 50 66 71 73 76 78 82 85 92 94 95 100 105 100 106 108
120 118 110 109 106 103 98 95 92 89 87 86 83 81 79 81 72 74 78 82 87 89 76 80 76 77 73 72 75 78 80 85 88 117 112 109 107 108 111 116 118 122 127 130 133 157 123 119 118 117 116 111 105 104 100 99 95 93 89 84 81 77 75 71 67 63 58 60 46 28 36 35 18 18 13 7 11 12 13 17 18 22 42 44 48 70 76 76 78 82 87 89 96 97 100 102 109 111 115 109
118 117 112 110 108 104 101 98 97 93 91 90 86 85 82 84 73 79 79 84 88 94 80 85 90 81 77 74 79 84 82 90 91 93 114 113 111 113 118 118 122 126 129 132 135 160 128 123 121 121 109 108 104 102 97 94 93 88 85 83 80 78 76 75 70 67 85 85 30 27 23 18 14 13 9 4 9 21 17 20 24 28 33 35 37 75 80 77 83 84 86 90 104 102 106 115 117 118 120 129
123 118 113 114 111 107 106 105 100 98 94 95 90 95 87 86 87 81 84 86 90 88 83 89 93 85 81 77 83 85 87 95 99 102 124 119 114 116 123 130 125 127 133 137 142 162 122 121 119 117 116 111 105 107 102 97 96 90 90 89 88 83 77 76 75 78 83 84 86 30 28 22 21 16 7 0 16 18 20 23 28 32 34 39 41 77 84 79 88 86 89 92 110 107 108 110 112 117 120 124
2 13
8 8 8 8 8 8 8 8 8 8 8 8 8
8 8 8 8 8 8 8 8 8 8 8 8 8
1 67
4266 4251 4267 4270 4271 1848 1845 1841 1836 1833 1828 1827 1822 1815 1822 1827 1831 2729 2726 2721 3480 3473 3479 3484 3488 1697 1692 1701 1702 1704 873 871 852 868 871 872 874 4679 4677 4673 4670 4659 4679 4682 4684 446 442 439 424 441 1106 1102 1103 1108 1092 1088 1085 1080 1065 1074 1078 1082 1083 1088 1091 1096 1098
15 8
3670 121 117 115 114 127 3583 3580
3666 3676 119 118 128 130 3588 3579
3665 3663 3681 2524 2530 132 137 3584
3669 3671 463 2518 2528 2533 2238 2244
3674 3672 480 2529 2531 2534 2237 2241
3680 3676 2533 2531 2535 2235 2236 2241
2249 2246 2245 2242 2238 2234 2233 2236
2252 2249 2246 2244 2243 2240 2226 2231
3763 2248 2247 2245 2247 2232 2229 2234
3762 3761 2249 762 2248 748 2233 2235
3759 3757 3758 758 748 747 752 753
3758 3755 3756 755 758 743 746 747
3738 3752 3755 751 750 741 746 743
4935 4943 748 746 745 740 743 739
4940 4945 749 744 741 739 734 736
3 31
3763 3760 3761 431 430 423 424 436 441 2230 2226 2224 2212 2219 2220 2223 333 337 339 688 685 686 689 3947 3944 2340 438 429 447 2422 2434
3761 3756 3752 3750 426 421 434 432 434 331 328 325 2225 2222 322 327 328 330 331 687 682 683 688 3942 3932 2325 2336 431 2427 2419 2430
3760 3755 3750 3734 3747 419 429 431 434 328 325 322 317 314 304 316 320 321 688 687 674 679 681 3950 3946 2328 2436 2435 2431 2436 2431
8 3
1181 1511 1530
1185 1530 2451
4259 154 2442
4264 1133 4245
3699 3686 4262
4315 2421 4789
4298 4311 3073
4318 3077 3076
2 70
2094 2093 2085 2088 2079 2083 556 574 575 1806 1802 1803 1110 1093 714 718 723 721 4670 4666 4664 4682 1857 1856 1851 1856 1859 2142 2140 2121 2736 2453 2462 1738 1718 1737 2227 2219 2810 2812 2815 4700 4698 4683 4632 4638 4642 4645 4650 4657 4660 4664 4669 4676 4678 265 260 256 243 242 237 233 228 518 499 4466 4456 4471 4472 4474
2091 2088 2084 2083 2064 2072 545 554 576 1807 1818 1808 1112 709 703 714 718 719 722 4671 4683 4685 1855 1853 1849 1854 1857 1861 2233 2222 2727 2444 2457 2459 1725 1740 2228 2228 3989 3999 2856 2855 2854 2836 4633 3322 3335 4650 4652 4653 4658 4662 4666 4671 4672 255 254 251 246 241 238 235 222 224 516 519 4462 4475 4473 4476
24 8
513 512 507 510 530 529 532 535
513 507 505 506 525 527 532 533
511 509 504 503 521 523 2881 3219
3388 510 506 504 3732 3475 2865 3214
3383 3384 3739 3734 3730 3456 3476 3213
3379 3381 3738 3734 3724 3736 3741 3223
3362 3382 2254 2250 2230 2242 1843 1840
3379 1808 1827 2251 2240 2246 1846 1827
4446 1825 1829 2253 2255 1844 1839 1837
4445 2589 1830 2257 2259 1846 1841 1839
2600 2583 2589 2592 2594 1851 1846 1840
2590 2585 2586 1424 2217 2215 2220 2221
2594 2589 2594 1422 2216 2212 2217 2221
2594 2590 2595 1417 2212 2210 2214 2219
2598 4560 1408 1413 2205 2208 2211 2220
4554 4544 1405 1411 2202 2204 3781 3782
1411 1409 1403 1407 2199 3769 3761 3771
1416 1413 1421 2181 2195 2196 3765 3768
1417 356 2191 2187 2196 2198 3770 3773
355 353 356 2200 2198 2203 3772 1754
356 352 356 357 2202 2205 1753 1750
359 349 352 359 2207 2208 1762 1745
364 369 356 361 2210 2210 1766 1754
366 364 360 2214 2212 2215 2218 1757
4 10
3947 3931 3933 3949 3950 3953 3955 3956 3957 3966
3941 3938 3941 3945 3947 3948 3950 3951 3956 3961
3946 3942 3943 3944 3948 3953 3953 3953 3961 3962
3949 3946 3945 3949 3950 3955 3958 3970 3966 3970
5 5
25 21 0 5 9
21 15 16 17 14
0 16 30 16 0
19 7 15 17 5
9 21 0 18 21
5 7
2142 1648 1643 1648 1653 2107 2109
2141 2153 1640 1638 1650 2102 2106
2146 2151 3233 1643 2101 2087 2364
4088 4100 3214 3225 2103 2358 2350
4093 2309 3231 3233 1041 1034 2356
